F1,Accuracy,Recall,Precision,Query,Data,Dataset_size,Model,Round,Sample_size,Num_Labels,Trainset_absolute,Query_absolute,Test_absolute,Percent,Train_energy,Query_energy,Test_energy,Train_duration,Query_duration,Train_distribution,Query_distribution,Test_distribution,Datetime
0.52,0.66,0.66,0.43,Prediction_Entropy,Claimbuster,23533,XLMR-Base,0,250,3,165,16308,7060,1.0,0.0008234754020321,0.015800817423088,0.0071220903805823,14.203646421432495,149.9643795490265,"[0.6424242424242425, 0.2606060606060606, 0.09696969696969697]","[0.652, 0.236, 0.112]","[0.6550991501416431, 0.24008498583569404, 0.1048158640226629]",2023-03-23 23:01:00
0.52,0.66,0.66,0.43,Prediction_Entropy,Claimbuster,23533,XLMR-Base,1,250,3,415,16058,7060,2.52,0.0032371613643144,0.0158412138558401,0.0070706894407861,35.47283959388733,147.89444375038147,"[0.6481927710843374, 0.2457831325301205, 0.10602409638554217]","[0.696, 0.24, 0.064]","[0.6550991501416431, 0.24008498583569404, 0.1048158640226629]",2023-03-23 23:05:14
0.7,0.74,0.74,0.66,Prediction_Entropy,Claimbuster,23533,XLMR-Base,2,250,3,665,15808,7060,4.04,0.0054615199442862,0.0143733246846681,0.007126455321422,56.92853283882141,145.64702033996582,"[0.6661654135338346, 0.24360902255639097, 0.09022556390977443]","[0.644, 0.26, 0.096]","[0.6550991501416431, 0.24008498583569404, 0.1048158640226629]",2023-03-23 23:09:47
0.74,0.78,0.78,0.7,Prediction_Entropy,Claimbuster,23533,XLMR-Base,3,250,3,915,15558,7060,5.55,0.0077531075196055,0.0144463862190121,0.0070834884368972,78.39708852767944,143.32954502105713,"[0.6601092896174864, 0.24808743169398906, 0.09180327868852459]","[0.632, 0.256, 0.112]","[0.6550991501416431, 0.24008498583569404, 0.1048158640226629]",2023-03-23 23:14:39
0.74,0.79,0.79,0.7,Prediction_Entropy,Claimbuster,23533,XLMR-Base,4,250,3,1165,15308,7060,7.07,0.0101376049142004,0.0137307806826498,0.0071574646770397,99.89691996574402,141.04195594787598,"[0.6540772532188841, 0.2497854077253219, 0.096137339055794]","[0.58, 0.292, 0.128]","[0.6550991501416431, 0.24008498583569404, 0.1048158640226629]",2023-03-23 23:19:50
0.75,0.79,0.79,0.72,Prediction_Entropy,Claimbuster,23533,XLMR-Base,5,250,3,1415,15058,7060,8.59,0.0124489821641847,0.0134939315746836,0.0070469457454588,121.37899565696716,138.83714151382446,"[0.6409893992932862, 0.25724381625441695, 0.10176678445229682]","[0.64, 0.232, 0.128]","[0.6550991501416431, 0.24008498583569404, 0.1048158640226629]",2023-03-23 23:25:21
0.72,0.76,0.76,0.69,Prediction_Entropy,Claimbuster,23533,XLMR-Base,6,250,3,1665,14808,7060,10.11,0.014726052474457,0.0138673125484775,0.0071623485790402,142.69752597808838,136.4417223930359,"[0.6408408408408408, 0.25345345345345344, 0.1057057057057057]","[0.664, 0.184, 0.152]","[0.6550991501416431, 0.24008498583569404, 0.1048158640226629]",2023-03-23 23:31:11
