F1,Accuracy,Recall,Precision,Query,Data,Dataset_size,Model,Round,Sample_size,Num_Labels,Trainset_absolute,Query_absolute,Test_absolute,Percent,Train_energy,Query_energy,Test_energy,Train_duration,Query_duration,Train_distribution,Query_distribution,Test_distribution,Datetime
0.89,0.89,0.89,0.89,Breaking_Ties,AG_News,127600,XLMR-Base,0,100,4,893,88427,38280,1.0,0.0078073407881184,0.0872212917998155,0.0380307185928926,76.50481939315796,821.6808586120605,"[0.2620380739081747, 0.25083986562150057, 0.24636058230683092, 0.24076147816349383]","[0.39, 0.32, 0.27, 0.02]","[0.25, 0.25, 0.25, 0.25]",2023-03-25 02:43:00
0.89,0.89,0.89,0.89,Breaking_Ties,AG_News,127600,XLMR-Base,1,100,4,993,88327,38280,1.11,0.0085216296418676,0.0866643655380638,0.0383739937719187,85.4042866230011,820.9799110889435,"[0.2648539778449144, 0.2628398791540785, 0.2537764350453172, 0.21852970795568982]","[0.43, 0.34, 0.18, 0.05]","[0.25, 0.25, 0.25, 0.25]",2023-03-25 03:04:32
0.89,0.89,0.89,0.89,Breaking_Ties,AG_News,127600,XLMR-Base,2,100,4,1093,88227,38280,1.22,0.0098148046858068,0.0860484366057342,0.0384726412234341,94.007066488266,820.2971038818359,"[0.2799634034766697, 0.2616651418115279, 0.2552607502287283, 0.2031107044830741]","[0.43, 0.43, 0.07, 0.07]","[0.25, 0.25, 0.25, 0.25]",2023-03-25 03:26:11
0.9,0.9,0.9,0.9,Breaking_Ties,AG_News,127600,XLMR-Base,3,100,4,1193,88127,38280,1.34,0.0103119996796712,0.0854343417224191,0.0384068789141906,102.60472393035889,819.5492880344391,"[0.2925398155909472, 0.2757753562447611, 0.23973176865046103, 0.19195305951383068]","[0.37, 0.36, 0.18, 0.09]","[0.25, 0.25, 0.25, 0.25]",2023-03-25 03:48:00
0.9,0.9,0.9,0.9,Breaking_Ties,AG_News,127600,XLMR-Base,4,100,4,1293,88027,38280,1.45,0.0114902005145839,0.0850792073900227,0.0376755009953498,111.16822028160097,818.7590506076813,"[0.2977571539056458, 0.28306264501160094, 0.23511214230471772, 0.1840680587780356]","[0.42, 0.31, 0.23, 0.04]","[0.25, 0.25, 0.25, 0.25]",2023-03-25 04:09:55
0.9,0.9,0.9,0.9,Breaking_Ties,AG_News,127600,XLMR-Base,5,100,4,1393,87927,38280,1.56,0.0120385687921105,0.0856835123620918,0.0373332924660657,119.79407930374146,817.4733734130859,"[0.29863603732950467, 0.2928930366116296, 0.2347451543431443, 0.17372577171572146]","[0.35, 0.3, 0.18, 0.17]","[0.25, 0.25, 0.25, 0.25]",2023-03-25 04:31:59
0.9,0.9,0.9,0.9,Breaking_Ties,AG_News,127600,XLMR-Base,6,100,4,1493,87827,38280,1.67,0.0131152253623885,0.0866099579213163,0.0376415787720536,128.40863418579102,816.4814841747284,"[0.30207635632953783, 0.29336905559276627, 0.23107836570663096, 0.17347622237106497]","[0.45, 0.34, 0.17, 0.04]","[0.25, 0.25, 0.25, 0.25]",2023-03-25 04:54:10
0.9,0.9,0.9,0.9,Breaking_Ties,AG_News,127600,XLMR-Base,7,100,4,1593,87727,38280,1.78,0.0144202897400223,0.0862000210483614,0.037244995754812,136.97471618652344,815.5064523220062,"[0.3044569993722536, 0.3032015065913371, 0.22724419334588827, 0.16509730069052103]","[0.4, 0.37, 0.18, 0.05]","[0.25, 0.25, 0.25, 0.25]",2023-03-25 05:16:28
0.9,0.9,0.9,0.9,Breaking_Ties,AG_News,127600,XLMR-Base,8,100,4,1693,87627,38280,1.9,0.0149260607326907,0.085021405921232,0.0384355448674528,145.62503933906555,814.2996485233307,"[0.30891907855877143, 0.3083284111045481, 0.22445363260484347, 0.15829887773183698]","[0.52, 0.35, 0.07, 0.06]","[0.25, 0.25, 0.25, 0.25]",2023-03-25 05:38:54
0.91,0.91,0.91,0.91,Breaking_Ties,AG_News,127600,XLMR-Base,9,100,4,1793,87527,38280,2.01,0.0160091218430832,0.0860162108130499,0.0379432593404806,154.29612708091736,813.9011199474335,"[0.32013385387618515, 0.3112102621305075, 0.2158393753485778, 0.1528165086447295]","[0.36, 0.34, 0.23, 0.07]","[0.25, 0.25, 0.25, 0.25]",2023-03-25 06:01:27
0.91,0.91,0.91,0.91,Breaking_Ties,AG_News,127600,XLMR-Base,10,100,4,1893,87427,38280,2.12,0.0165277285727715,0.085884605315211,0.0381255037857427,162.88446283340454,812.502513885498,"[0.32223983095615427, 0.3127311146328579, 0.21658742736397252, 0.14844162704701533]","[0.39, 0.35, 0.23, 0.03]","[0.25, 0.25, 0.25, 0.25]",2023-03-25 06:24:08
0.9,0.9,0.9,0.91,Breaking_Ties,AG_News,127600,XLMR-Base,11,100,4,1993,87327,38280,2.23,0.0175348354480001,0.0857632719948784,0.0384229558781251,171.4297354221344,811.6154100894928,"[0.3256397390868038, 0.3085800301053688, 0.22328148519819369, 0.14249874560963371]","[0.42, 0.33, 0.21, 0.04]","[0.25, 0.25, 0.25, 0.25]",2023-03-25 06:46:57
0.91,0.91,0.91,0.91,Breaking_Ties,AG_News,127600,XLMR-Base,12,100,4,2093,87227,38280,2.34,0.0190711916584931,0.0865423363302064,0.038083233079985,180.09641766548157,810.5277934074402,"[0.3301481127568084, 0.30960344003822265, 0.22264691829909222, 0.13760152890587674]","[0.43, 0.37, 0.15, 0.05]","[0.25, 0.25, 0.25, 0.25]",2023-03-25 07:09:53
0.91,0.91,0.91,0.91,Breaking_Ties,AG_News,127600,XLMR-Base,13,100,4,2193,87127,38280,2.46,0.0195413386713106,0.0850491538468099,0.0373844151103802,188.76350450515747,810.4742615222931,"[0.3347013223894209, 0.3123575011399909, 0.2193342453260374, 0.13360693114455086]","[0.44, 0.36, 0.13, 0.07]","[0.25, 0.25, 0.25, 0.25]",2023-03-25 07:32:57
0.91,0.91,0.91,0.91,Breaking_Ties,AG_News,127600,XLMR-Base,14,100,4,2293,87027,38280,2.57,0.0209653855966914,0.0859324161674865,0.0382496609322561,197.3397500514984,808.878618478775,"[0.3358046227649368, 0.31792411687745314, 0.2154382904491932, 0.13083296990841692]","[0.45, 0.37, 0.14, 0.04]","[0.25, 0.25, 0.25, 0.25]",2023-03-25 07:56:09
0.91,0.91,0.91,0.91,Breaking_Ties,AG_News,127600,XLMR-Base,15,100,4,2393,86927,38280,2.68,0.0215456344823556,0.0840011159078102,0.0387465617941359,205.7907326221466,807.7812702655792,"[0.340576681989135, 0.32010029251984956, 0.21228583368157125, 0.1270371918094442]","[0.53, 0.29, 0.15, 0.03]","[0.25, 0.25, 0.25, 0.25]",2023-03-25 08:19:28
0.91,0.91,0.91,0.91,Breaking_Ties,AG_News,127600,XLMR-Base,16,100,4,2493,86827,38280,2.79,0.0223313433119813,0.0836743013620833,0.0376749005863832,214.49393010139465,806.2558736801147,"[0.33854793421580426, 0.3285198555956679, 0.2097874047332531, 0.12314480545527477]","[0.45, 0.26, 0.25, 0.04]","[0.25, 0.25, 0.25, 0.25]",2023-03-25 08:42:55
0.91,0.91,0.91,0.91,Breaking_Ties,AG_News,127600,XLMR-Base,17,100,4,2593,86727,38280,2.9,0.0231458148068625,0.0848280961423811,0.038082295785414,223.16884803771973,805.6040444374084,"[0.3355187042036251, 0.3332047821056691, 0.21133821827998459, 0.11993829541072117]","[0.42, 0.35, 0.21, 0.02]","[0.25, 0.25, 0.25, 0.25]",2023-03-25 09:06:29
0.91,0.91,0.91,0.92,Breaking_Ties,AG_News,127600,XLMR-Base,18,100,4,2693,86627,38280,3.02,0.023868313184943,0.0864314057114749,0.0377402997163377,231.77298307418823,804.9780557155609,"[0.3364277757148162, 0.3360564426290382, 0.21128852580764945, 0.1162272558484961]","[0.38, 0.36, 0.19, 0.07]","[0.25, 0.25, 0.25, 0.25]",2023-03-25 09:30:11
0.91,0.91,0.91,0.91,Breaking_Ties,AG_News,127600,XLMR-Base,19,100,4,2793,86527,38280,3.13,0.0250981037386146,0.0852438002497764,0.0376222300427535,240.2920835018158,803.78817486763,"[0.33798782670963123, 0.3369137128535625, 0.21052631578947367, 0.11457214464733262]","[0.48, 0.26, 0.2, 0.06]","[0.25, 0.25, 0.25, 0.25]",2023-03-25 09:54:01
0.91,0.91,0.91,0.91,Breaking_Ties,AG_News,127600,XLMR-Base,20,100,4,2893,86427,38280,3.24,0.0251982226550553,0.0854529841918209,0.0377004288734497,248.95124888420105,803.8049085140228,"[0.34289664707915657, 0.33425509851365365, 0.21016246111303147, 0.11268579329415832]","[0.49, 0.33, 0.1, 0.08]","[0.25, 0.25, 0.25, 0.25]",2023-03-25 10:17:58
0.91,0.91,0.91,0.91,Breaking_Ties,AG_News,127600,XLMR-Base,21,100,4,2993,86327,38280,3.35,0.0273566978747768,0.0848014819999206,0.0356096489526296,257.6504020690918,802.3855264186859,"[0.3424657534246575, 0.33945873705312396, 0.2064817908453057, 0.1115937186769128]","[0.43, 0.37, 0.17, 0.03]","[0.25, 0.25, 0.25, 0.25]",2023-03-25 10:42:04
0.91,0.91,0.91,0.91,Breaking_Ties,AG_News,127600,XLMR-Base,22,100,4,3093,86227,38280,3.46,0.0266720164045161,0.0844446555869967,0.037813793963766,266.2114553451538,801.2570326328278,"[0.3452958292919496, 0.34044616876818623, 0.20530229550598125, 0.10895570643388296]","[0.46, 0.36, 0.15, 0.03]","[0.25, 0.25, 0.25, 0.25]",2023-03-25 11:06:17
0.91,0.91,0.91,0.91,Breaking_Ties,AG_News,127600,XLMR-Base,23,100,4,3193,86127,38280,3.57,0.0283968155942327,0.0840402669792327,0.0381792396815581,274.740613937378,800.1059436798096,"[0.3457563419981209, 0.3441904165361729, 0.20357031005324147, 0.10648293141246477]","[0.45, 0.33, 0.13, 0.09]","[0.25, 0.25, 0.25, 0.25]",2023-03-25 11:30:37
0.92,0.92,0.92,0.92,Breaking_Ties,AG_News,127600,XLMR-Base,24,100,4,3293,86027,38280,3.69,0.0293492632026026,0.0849856606793666,0.0377051279585369,283.3053641319275,799.5180213451385,"[0.3474035833586395, 0.34527786213179473, 0.20133616762830245, 0.10598238688126328]","[0.42, 0.32, 0.2, 0.06]","[0.25, 0.25, 0.25, 0.25]",2023-03-25 11:55:05
0.91,0.91,0.91,0.91,Breaking_Ties,AG_News,127600,XLMR-Base,25,100,4,3393,85927,38280,3.8,0.0293862838213809,0.0849709200787489,0.0369896266838642,292.0527503490448,798.5660593509674,"[0.34748010610079577, 0.34659593280282935, 0.20129678750368404, 0.10462717359269083]","[0.4, 0.36, 0.19, 0.05]","[0.25, 0.25, 0.25, 0.25]",2023-03-25 12:19:41
0.92,0.92,0.92,0.92,Breaking_Ties,AG_News,127600,XLMR-Base,26,100,4,3493,85827,38280,3.91,0.0313799641247835,0.0839252667009005,0.0375966524412458,300.6597650051117,797.2493212223053,"[0.34898368164901233, 0.34697967363298027, 0.2009733753220727, 0.10306326939593473]","[0.48, 0.33, 0.14, 0.05]","[0.25, 0.25, 0.25, 0.25]",2023-03-25 12:44:25
0.92,0.92,0.92,0.92,Breaking_Ties,AG_News,127600,XLMR-Base,27,100,4,3593,85727,38280,4.02,0.0314819930481933,0.0847721682126327,0.0374323658405778,309.224909067154,796.5263376235962,"[0.35263011411077094, 0.3465070971333148, 0.19927637072084609, 0.10158641803506818]","[0.4, 0.35, 0.15, 0.1]","[0.25, 0.25, 0.25, 0.25]",2023-03-25 13:09:16
0.92,0.92,0.92,0.92,Breaking_Ties,AG_News,127600,XLMR-Base,28,100,4,3693,85627,38280,4.13,0.0331695232696546,0.0848300198119599,0.0366405228641399,317.86908292770386,795.6780171394348,"[0.35391280801516384, 0.3466016788518819, 0.19794205253181696, 0.10154346060113728]","[0.44, 0.32, 0.2, 0.04]","[0.25, 0.25, 0.25, 0.25]",2023-03-25 13:34:15
0.92,0.92,0.92,0.92,Breaking_Ties,AG_News,127600,XLMR-Base,29,100,4,3793,85527,38280,4.25,0.0338102783425345,0.0850163492531156,0.0379847187905893,326.45766258239746,794.7863948345184,"[0.353018718692328, 0.34906406538360135, 0.1979963089902452, 0.09992090693382547]","[0.38, 0.33, 0.19, 0.1]","[0.25, 0.25, 0.25, 0.25]",2023-03-25 13:59:22
0.92,0.92,0.92,0.92,Breaking_Ties,AG_News,127600,XLMR-Base,30,100,4,3893,85427,38280,4.36,0.0345720297815567,0.0829547147908743,0.0376035967430337,335.0302381515503,793.0923099517822,"[0.3537117903930131, 0.348574364243514, 0.1977909067557154, 0.09992293860775751]","[0.42, 0.39, 0.17, 0.02]","[0.25, 0.25, 0.25, 0.25]",2023-03-25 14:24:36
0.92,0.92,0.92,0.92,Breaking_Ties,AG_News,127600,XLMR-Base,31,100,4,3993,85327,38280,4.47,0.0350733113152197,0.0819136975518192,0.0384438202313348,343.4226338863373,792.6821172237396,"[0.35537190082644626, 0.34961182068620084, 0.19709491610318056, 0.0979213623841723]","[0.43, 0.35, 0.12, 0.1]","[0.25, 0.25, 0.25, 0.25]",2023-03-25 14:49:57
0.92,0.92,0.92,0.92,Breaking_Ties,AG_News,127600,XLMR-Base,32,100,4,4093,85227,38280,4.58,0.0374435298145095,0.0834815264775764,0.0377425307465732,352.2212905883789,791.8268036842346,"[0.3552406547764476, 0.35157586122648427, 0.1952113364280479, 0.09797214756902028]","[0.44, 0.35, 0.15, 0.06]","[0.25, 0.25, 0.25, 0.25]",2023-03-25 15:15:26
0.92,0.92,0.92,0.92,Breaking_Ties,AG_News,127600,XLMR-Base,33,100,4,4193,85127,38280,4.69,0.0377596362626735,0.0847281735301381,0.0377018316226131,360.8525547981262,790.8618705272675,"[0.35511566897209634, 0.3536847126162652, 0.1941330789410923, 0.09706653947054615]","[0.41, 0.3, 0.23, 0.06]","[0.25, 0.25, 0.25, 0.25]",2023-03-25 15:41:03
0.92,0.92,0.92,0.92,Breaking_Ties,AG_News,127600,XLMR-Base,34,100,4,4293,85027,38280,4.81,0.0378707143701578,0.082313300809314,0.0381812995450363,369.5555305480957,790.037492275238,"[0.35639412997903563, 0.3524341952014908, 0.1949685534591195, 0.09620312136035407]","[0.46, 0.34, 0.17, 0.03]","[0.25, 0.25, 0.25, 0.25]",2023-03-25 16:06:48
0.92,0.92,0.92,0.92,Breaking_Ties,AG_News,127600,XLMR-Base,35,100,4,4393,84927,38280,4.92,0.0405339154557362,0.0808668149407243,0.038362395579491,378.1017827987671,788.9281322956085,"[0.3587525608923287, 0.352151149556112, 0.19440018210789892, 0.09469610744366037]","[0.4, 0.33, 0.16, 0.11]","[0.25, 0.25, 0.25, 0.25]",2023-03-25 16:32:40
0.92,0.92,0.92,0.92,Breaking_Ties,AG_News,127600,XLMR-Base,36,100,4,4493,84827,38280,5.03,0.0388372070097297,0.0848145043891912,0.0364458488454676,386.604926109314,788.040985584259,"[0.35967059870910306, 0.3516581348764745, 0.19363454262185623, 0.09503672379256621]","[0.37, 0.31, 0.17, 0.15]","[0.25, 0.25, 0.25, 0.25]",2023-03-25 16:58:41
0.92,0.92,0.92,0.92,Breaking_Ties,AG_News,127600,XLMR-Base,37,100,4,4593,84727,38280,5.14,0.0418175149073682,0.0828359158754218,0.0371512688593458,395.29500675201416,787.3047449588776,"[0.3598954931417374, 0.35075114304376226, 0.19311996516438057, 0.09623339865011975]","[0.46, 0.32, 0.2, 0.02]","[0.25, 0.25, 0.25, 0.25]",2023-03-25 17:24:48
0.92,0.92,0.92,0.92,Breaking_Ties,AG_News,127600,XLMR-Base,38,100,4,4693,84627,38280,5.25,0.0408165242851249,0.0829565117687161,0.0378227859654546,403.8722264766693,786.7411849498749,"[0.3620285531642872, 0.35009588749200937, 0.19326656722778607, 0.09460899211591732]","[0.41, 0.37, 0.2, 0.02]","[0.25, 0.25, 0.25, 0.25]",2023-03-25 17:51:04
0.92,0.92,0.92,0.92,Breaking_Ties,AG_News,127600,XLMR-Base,39,100,4,4793,84527,38280,5.37,0.0432084831634866,0.0830657395561138,0.0372221999547481,412.43818616867065,785.055584192276,"[0.36302941790110577, 0.3505111621114125, 0.19340705195076152, 0.09305236803672022]","[0.42, 0.32, 0.15, 0.11]","[0.25, 0.25, 0.25, 0.25]",2023-03-25 18:17:27
0.92,0.92,0.92,0.92,Breaking_Ties,AG_News,127600,XLMR-Base,40,100,4,4893,84427,38280,5.48,0.0436600735994271,0.0837310020646837,0.0376115533044424,421.09698843956,784.161958694458,"[0.36215001021867976, 0.351931330472103, 0.19251992642550583, 0.09339873288371142]","[0.42, 0.33, 0.15, 0.1]","[0.25, 0.25, 0.25, 0.25]",2023-03-25 18:43:58
0.92,0.92,0.92,0.92,Breaking_Ties,AG_News,127600,XLMR-Base,41,100,4,4993,84327,38280,5.59,0.0442686627794782,0.0819227495719604,0.0377022625145863,429.83007979393005,783.6892023086548,"[0.36330863208491887, 0.3514920889244943, 0.1916683356699379, 0.0935309433206489]","[0.4, 0.38, 0.14, 0.08]","[0.25, 0.25, 0.25, 0.25]",2023-03-25 19:10:36
0.92,0.92,0.92,0.92,Breaking_Ties,AG_News,127600,XLMR-Base,42,100,4,5093,84227,38280,5.7,0.0455205204879797,0.0845605571804038,0.0376392756490904,438.5129518508911,782.7479116916656,"[0.36402905949342235, 0.35205183585313177, 0.19065383860200275, 0.09326526605144315]","[0.46, 0.31, 0.21, 0.02]","[0.25, 0.25, 0.25, 0.25]",2023-03-25 19:37:23
0.92,0.92,0.92,0.92,Breaking_Ties,AG_News,127600,XLMR-Base,43,100,4,5193,84127,38280,5.81,0.0469867747093162,0.0814765846359459,0.0382670091037089,447.15637493133545,782.1523780822754,"[0.3629886385518968, 0.35413056036972845, 0.1910263816676295, 0.09185441941074524]","[0.38, 0.37, 0.19, 0.06]","[0.25, 0.25, 0.25, 0.25]",2023-03-25 20:04:17
0.92,0.92,0.92,0.92,Breaking_Ties,AG_News,127600,XLMR-Base,44,100,4,5293,84027,38280,5.93,0.0467852864856054,0.0818435275584696,0.0380388957271968,455.6875705718994,780.8045535087585,"[0.3631211033440393, 0.3546193085206877, 0.19100699036463253, 0.09125259777064047]","[0.48, 0.26, 0.16, 0.1]","[0.25, 0.25, 0.25, 0.25]",2023-03-25 20:31:20
