F1,Accuracy,Recall,Precision,Query,Data,Dataset_size,Model,Round,Sample_size,Num_Labels,Trainset_absolute,Query_absolute,Test_absolute,Percent,Train_energy,Query_energy,Test_energy,Train_duration,Query_duration,Train_distribution,Query_distribution,Test_distribution,Datetime
0.02,0.12,0.12,0.01,Prediction_Entropy,10k_Newsarticles,10273,XLMR-Base,0,100,9,72,7120,3081,1.0,0.000378332582344,0.0074273486392751,0.0028288385964655,6.454299688339233,68.04823875427246,"[0.18055555555555555, 0.16666666666666666, 0.1388888888888889, 0.125, 0.125, 0.125, 0.08333333333333333, 0.041666666666666664, 0.013888888888888888]","[0.16, 0.16, 0.15, 0.14, 0.11, 0.1, 0.08, 0.07, 0.03]","[0.16325868224602402, 0.16325868224602402, 0.14703018500486856, 0.13729308666017526, 0.11684518013631938, 0.09899383317104836, 0.06491398896462187, 0.05582603050957481, 0.05258033106134372]",2023-03-23 17:53:01
0.38,0.44,0.44,0.5,Prediction_Entropy,10k_Newsarticles,10273,XLMR-Base,1,100,9,172,7020,3081,2.39,0.0017195160300794,0.0070716152433683,0.0031126025679981,15.231949090957642,67.21492671966553,"[0.1686046511627907, 0.1511627906976744, 0.14534883720930233, 0.14534883720930233, 0.11627906976744186, 0.11046511627906977, 0.0755813953488372, 0.06395348837209303, 0.023255813953488372]","[0.18, 0.15, 0.13, 0.13, 0.11, 0.1, 0.08, 0.08, 0.04]","[0.16325868224602402, 0.16325868224602402, 0.14703018500486856, 0.13729308666017526, 0.11684518013631938, 0.09899383317104836, 0.06491398896462187, 0.05582603050957481, 0.05258033106134372]",2023-03-23 17:55:10
0.51,0.56,0.56,0.57,Prediction_Entropy,10k_Newsarticles,10273,XLMR-Base,2,100,9,272,6920,3081,3.78,0.0021435937627735,0.0064462915737701,0.003105948980552,23.97538590431213,66.3367075920105,"[0.15441176470588236, 0.15073529411764705, 0.13970588235294118, 0.13970588235294118, 0.12867647058823528, 0.11029411764705882, 0.07720588235294118, 0.06985294117647059, 0.029411764705882353]","[0.22, 0.14, 0.12, 0.12, 0.09, 0.09, 0.08, 0.07, 0.07]","[0.16325868224602402, 0.16325868224602402, 0.14703018500486856, 0.13729308666017526, 0.11684518013631938, 0.09899383317104836, 0.06491398896462187, 0.05582603050957481, 0.05258033106134372]",2023-03-23 17:57:27
0.45,0.51,0.51,0.64,Prediction_Entropy,10k_Newsarticles,10273,XLMR-Base,3,100,9,372,6820,3081,5.17,0.0033217298250784,0.006113034071535,0.0028067425751006,32.72413444519043,65.39970541000366,"[0.16129032258064516, 0.15053763440860216, 0.1424731182795699, 0.12634408602150538, 0.12634408602150538, 0.10483870967741936, 0.07526881720430108, 0.07258064516129033, 0.04032258064516129]","[0.21, 0.17, 0.14, 0.13, 0.1, 0.1, 0.07, 0.05, 0.03]","[0.16325868224602402, 0.16325868224602402, 0.14703018500486856, 0.13729308666017526, 0.11684518013631938, 0.09899383317104836, 0.06491398896462187, 0.05582603050957481, 0.05258033106134372]",2023-03-23 17:59:52
0.68,0.71,0.71,0.7,Prediction_Entropy,10k_Newsarticles,10273,XLMR-Base,4,100,9,472,6720,3081,6.56,0.0039044186441301,0.0064177561928557,0.0028100909899207,41.57268452644348,64.46331357955933,"[0.163135593220339, 0.1440677966101695, 0.13983050847457626, 0.1292372881355932, 0.1292372881355932, 0.1038135593220339, 0.07838983050847458, 0.07415254237288135, 0.038135593220338986]","[0.2, 0.16, 0.14, 0.14, 0.11, 0.08, 0.07, 0.05, 0.05]","[0.16325868224602402, 0.16325868224602402, 0.14703018500486856, 0.13729308666017526, 0.11684518013631938, 0.09899383317104836, 0.06491398896462187, 0.05582603050957481, 0.05258033106134372]",2023-03-23 18:02:25
0.68,0.71,0.71,0.69,Prediction_Entropy,10k_Newsarticles,10273,XLMR-Base,5,100,9,572,6620,3081,7.95,0.0051565485657867,0.0065736376702662,0.002961983635721,50.3353750705719,63.52530884742737,"[0.16258741258741258, 0.15384615384615385, 0.13986013986013987, 0.13111888111888112, 0.1258741258741259, 0.0979020979020979, 0.07517482517482517, 0.07342657342657342, 0.04020979020979021]","[0.22, 0.21, 0.19, 0.14, 0.06, 0.05, 0.05, 0.05, 0.03]","[0.16325868224602402, 0.16325868224602402, 0.14703018500486856, 0.13729308666017526, 0.11684518013631938, 0.09899383317104836, 0.06491398896462187, 0.05582603050957481, 0.05258033106134372]",2023-03-23 18:05:06
0.67,0.72,0.72,0.65,Prediction_Entropy,10k_Newsarticles,10273,XLMR-Base,6,100,9,672,6520,3081,9.34,0.0056498107579179,0.0068624842372533,0.0030910066717717,59.08928203582764,62.5939781665802,"[0.16964285714285715, 0.15922619047619047, 0.15178571428571427, 0.1324404761904762, 0.11607142857142858, 0.09077380952380952, 0.07142857142857142, 0.06696428571428571, 0.041666666666666664]","[0.19, 0.18, 0.13, 0.13, 0.12, 0.09, 0.08, 0.05, 0.03]","[0.16325868224602402, 0.16325868224602402, 0.14703018500486856, 0.13729308666017526, 0.11684518013631938, 0.09899383317104836, 0.06491398896462187, 0.05582603050957481, 0.05258033106134372]",2023-03-23 18:07:54
0.78,0.78,0.78,0.79,Prediction_Entropy,10k_Newsarticles,10273,XLMR-Base,7,100,9,772,6420,3081,10.73,0.0068914527240814,0.0067124572157088,0.0028552531426039,67.96744537353516,61.6554319858551,"[0.1645077720207254, 0.16321243523316062, 0.14766839378238342, 0.13860103626943004, 0.11139896373056994, 0.09067357512953368, 0.07512953367875648, 0.06865284974093264, 0.04015544041450777]","[0.17, 0.16, 0.15, 0.14, 0.09, 0.09, 0.08, 0.06, 0.06]","[0.16325868224602402, 0.16325868224602402, 0.14703018500486856, 0.13729308666017526, 0.11684518013631938, 0.09899383317104836, 0.06491398896462187, 0.05582603050957481, 0.05258033106134372]",2023-03-23 18:10:50
