F1,Accuracy,Recall,Precision,Query,Data,Dataset_size,Model,Round,Sample_size,Num_Labels,Trainset_absolute,Query_absolute,Test_absolute,Percent,Train_energy,Query_energy,Test_energy,Train_duration,Query_duration,Train_distribution,Query_distribution,Test_distribution,Datetime
0.88,0.88,0.88,0.89,Random_Sampling,AG_News,127600,XLMR-Base,0,50,4,893,88427,38280,1.0,0.0080869911778937,1.3393996110056593e-07,0.035979687681412,76.20800185203552,0.0089178085327148,"[0.2620380739081747, 0.25083986562150057, 0.24636058230683092, 0.24076147816349383]","[0.34, 0.24, 0.22, 0.2]","[0.25, 0.25, 0.25, 0.25]",2023-03-11 00:26:05
0.88,0.88,0.88,0.89,Random_Sampling,AG_News,127600,XLMR-Base,1,50,4,943,88377,38280,1.06,0.0083346076517196,8.936321817801268e-08,0.0375584321353971,80.94770765304565,0.0046463012695312,"[0.2608695652173913, 0.25556733828207845, 0.24390243902439024, 0.23966065747614]","[0.26, 0.26, 0.26, 0.22]","[0.25, 0.25, 0.25, 0.25]",2023-03-11 00:33:51
0.88,0.88,0.88,0.88,Random_Sampling,AG_News,127600,XLMR-Base,2,50,4,993,88327,38280,1.11,0.0085150205690812,8.832734032500785e-08,0.0374585554977023,85.28203916549683,0.0046613216400146,"[0.2588116817724068, 0.25579053373615307, 0.24471299093655588, 0.2406847935548842]","[0.3, 0.28, 0.24, 0.18]","[0.25, 0.25, 0.25, 0.25]",2023-03-11 00:41:42
0.88,0.88,0.88,0.88,Random_Sampling,AG_News,127600,XLMR-Base,3,50,4,1043,88277,38280,1.17,0.0087197300888097,7.245162194224327e-08,0.0376424668086446,89.49333930015564,0.0046417713165283,"[0.2569511025886865, 0.2550335570469799, 0.24448705656759348, 0.24352828379674019]","[0.32, 0.28, 0.24, 0.16]","[0.25, 0.25, 0.25, 0.25]",2023-03-11 00:49:38
0.89,0.89,0.89,0.89,Random_Sampling,AG_News,127600,XLMR-Base,4,50,4,1093,88227,38280,1.22,0.0099644408946373,1.1723959387433127e-07,0.0374445572830635,93.8231806755066,0.0075654983520507,"[0.25800548947849955, 0.25434583714547115, 0.24702653247941445, 0.24062214089661482]","[0.28, 0.26, 0.26, 0.2]","[0.25, 0.25, 0.25, 0.25]",2023-03-11 00:57:38
0.89,0.89,0.89,0.89,Random_Sampling,AG_News,127600,XLMR-Base,5,50,4,1143,88177,38280,1.28,0.0095443115479491,8.831515617923838e-08,0.0370727424081177,98.04615783691406,0.0046615600585937,"[0.25809273840769903, 0.2554680664916885, 0.24759405074365703, 0.2388451443569554]","[0.34, 0.28, 0.22, 0.16]","[0.25, 0.25, 0.25, 0.25]",2023-03-11 01:05:42
0.89,0.89,0.89,0.89,Random_Sampling,AG_News,127600,XLMR-Base,6,50,4,1193,88127,38280,1.34,0.0099530249667883,8.929185316128317e-08,0.0367257769329605,102.43046474456789,0.0046586990356445,"[0.26152556580050296, 0.2564962279966471, 0.24392288348700755, 0.23805532271584243]","[0.3, 0.28, 0.28, 0.14]","[0.25, 0.25, 0.25, 0.25]",2023-03-11 01:13:51
0.89,0.89,0.89,0.89,Random_Sampling,AG_News,127600,XLMR-Base,7,50,4,1243,88077,38280,1.39,0.0112242540473312,8.889091122388378e-08,0.0373583193233842,106.6658775806427,0.0048413276672363,"[0.26307320997586486, 0.251810136765889, 0.24537409493161705, 0.23974255832662913]","[0.32, 0.28, 0.24, 0.16]","[0.25, 0.25, 0.25, 0.25]",2023-03-11 01:22:04
0.89,0.89,0.89,0.89,Random_Sampling,AG_News,127600,XLMR-Base,8,50,4,1293,88027,38280,1.45,0.0114013977529565,1.6091281169950285e-07,0.0369916523352363,111.10169816017152,0.0100767612457275,"[0.2590873936581593, 0.25444702242846096, 0.2451662799690642, 0.24129930394431554]","[0.32, 0.32, 0.18, 0.18]","[0.25, 0.25, 0.25, 0.25]",2023-03-11 01:30:21
0.89,0.89,0.89,0.89,Random_Sampling,AG_News,127600,XLMR-Base,9,50,4,1343,87977,38280,1.5,0.0111650358848105,8.871947850764012e-08,0.0371874674477047,115.33693099021912,0.0047652721405029,"[0.26135517498138494, 0.2516753536857781, 0.24422933730454208, 0.24274013402829486]","[0.4, 0.24, 0.18, 0.18]","[0.25, 0.25, 0.25, 0.25]",2023-03-11 01:38:43
0.89,0.89,0.89,0.89,Random_Sampling,AG_News,127600,XLMR-Base,10,50,4,1393,87927,38280,1.56,0.0121167602301067,1.323065201659231e-07,0.0373489901124447,119.80141806602478,0.0090196132659912,"[0.25843503230437903, 0.25125628140703515, 0.2498205312275664, 0.2404881550610194]","[0.32, 0.28, 0.24, 0.16]","[0.25, 0.25, 0.25, 0.25]",2023-03-11 01:47:09
0.89,0.89,0.89,0.89,Random_Sampling,AG_News,127600,XLMR-Base,11,50,4,1443,87877,38280,1.62,0.013178680872157,7.416494889551625e-08,0.0377880926680339,123.97146081924438,0.0048403739929199,"[0.2577962577962578, 0.25225225225225223, 0.2467082467082467, 0.24324324324324326]","[0.3, 0.24, 0.24, 0.22]","[0.25, 0.25, 0.25, 0.25]",2023-03-11 01:55:39
0.89,0.89,0.89,0.89,Random_Sampling,AG_News,127600,XLMR-Base,12,50,4,1493,87827,38280,1.67,0.0127806853932905,7.501976386608484e-08,0.0376135775270737,128.28034448623657,0.0046439170837402,"[0.2572002679169457, 0.25184192900200936, 0.24581379772270595, 0.2451440053583389]","[0.34, 0.34, 0.26, 0.06]","[0.25, 0.25, 0.25, 0.25]",2023-03-11 02:04:14
0.9,0.9,0.9,0.9,Random_Sampling,AG_News,127600,XLMR-Base,13,50,4,1543,87777,38280,1.73,0.0125764832489941,8.805061935921168e-08,0.0376950179878661,132.62090635299683,0.0046157836914062,"[0.2572909915748542, 0.254698639014906, 0.24886584575502269, 0.2391445236552171]","[0.3, 0.28, 0.22, 0.2]","[0.25, 0.25, 0.25, 0.25]",2023-03-11 02:12:53
0.89,0.89,0.89,0.9,Random_Sampling,AG_News,127600,XLMR-Base,14,50,4,1593,87727,38280,1.78,0.0143775536013751,8.900319647987249e-08,0.0381641201031273,136.78024649620056,0.0046403408050537,"[0.256120527306968, 0.25549278091650973, 0.24984306340238543, 0.23854362837413684]","[0.3, 0.24, 0.24, 0.22]","[0.25, 0.25, 0.25, 0.25]",2023-03-11 02:21:36
0.89,0.89,0.89,0.89,Random_Sampling,AG_News,127600,XLMR-Base,15,50,4,1643,87677,38280,1.84,0.0141036883138694,8.858254799279419e-08,0.0377214201273065,141.1893274784088,0.004645824432373,"[0.2556299452221546, 0.2550213024954352, 0.248934875228241, 0.2404138770541692]","[0.34, 0.32, 0.18, 0.16]","[0.25, 0.25, 0.25, 0.25]",2023-03-11 02:30:23
0.89,0.89,0.89,0.89,Random_Sampling,AG_News,127600,XLMR-Base,16,50,4,1693,87627,38280,1.9,0.014988243410114,8.738406227753038e-08,0.0368207709105568,145.43002486228943,0.0046124458312988,"[0.25694034258712345, 0.25339633786178384, 0.24630832841110456, 0.24335499113998818]","[0.3, 0.3, 0.24, 0.16]","[0.25, 0.25, 0.25, 0.25]",2023-03-11 02:39:15
0.89,0.89,0.89,0.9,Random_Sampling,AG_News,127600,XLMR-Base,17,50,4,1743,87577,38280,1.95,0.0151821907447784,8.802791315956494e-08,0.0369872805556059,149.78561735153198,0.0054914951324462,"[0.25817555938037867, 0.25301204819277107, 0.24497991967871485, 0.2438324727481354]","[0.32, 0.26, 0.24, 0.18]","[0.25, 0.25, 0.25, 0.25]",2023-03-11 02:48:11
0.89,0.89,0.89,0.89,Random_Sampling,AG_News,127600,XLMR-Base,18,50,4,1793,87527,38280,2.01,0.0160904994512453,8.947518507260538e-08,0.0368818238977199,154.13177394866943,0.0049264430999755,"[0.2598996095928611, 0.2532069157836029, 0.24372559955382042, 0.24316787506971557]","[0.32, 0.28, 0.24, 0.16]","[0.25, 0.25, 0.25, 0.25]",2023-03-11 02:57:12
0.9,0.9,0.9,0.9,Random_Sampling,AG_News,127600,XLMR-Base,19,50,4,1843,87477,38280,2.06,0.0158549645664696,1.468322022548827e-07,0.0379978793310209,158.37902569770813,0.0091161727905273,"[0.25718936516549107, 0.2539338035811177, 0.24525230602278894, 0.24362452523060227]","[0.32, 0.26, 0.22, 0.2]","[0.25, 0.25, 0.25, 0.25]",2023-03-11 03:06:16
0.89,0.89,0.89,0.89,Random_Sampling,AG_News,127600,XLMR-Base,20,50,4,1893,87427,38280,2.12,0.0164989300458041,8.702762148885145e-08,0.0367988841176919,162.6323628425598,0.0058486461639404,"[0.2588483888008452, 0.2525092445853143, 0.2445853143159007, 0.24405705229793978]","[0.3, 0.28, 0.28, 0.14]","[0.25, 0.25, 0.25, 0.25]",2023-03-11 03:15:25
0.89,0.89,0.89,0.89,Random_Sampling,AG_News,127600,XLMR-Base,21,50,4,1943,87377,38280,2.18,0.0172207745516438,8.747876243362455e-08,0.0382009830516714,166.94117665290833,0.0052101612091064,"[0.25939269171384455, 0.2537313432835821, 0.24549665465774576, 0.2413793103448276]","[0.36, 0.26, 0.22, 0.16]","[0.25, 0.25, 0.25, 0.25]",2023-03-11 03:24:38
0.89,0.89,0.89,0.89,Random_Sampling,AG_News,127600,XLMR-Base,22,50,4,1993,87327,38280,2.23,0.0176337472158913,8.791195241131267e-08,0.037903335945387,171.32109117507937,0.0048949718475341,"[0.26191670847967885, 0.25388861013547415, 0.24485699949824385, 0.23933768188660312]","[0.28, 0.28, 0.26, 0.18]","[0.25, 0.25, 0.25, 0.25]",2023-03-11 03:33:55
0.9,0.9,0.9,0.9,Random_Sampling,AG_News,127600,XLMR-Base,23,50,4,2043,87277,38280,2.29,0.0179589640916078,1.176263250131148e-07,0.0377575735487789,175.6498830318451,0.0072393417358398,"[0.2623592755751346, 0.2545276554087127, 0.24522760646108663, 0.23788546255506607]","[0.34, 0.24, 0.22, 0.2]","[0.25, 0.25, 0.25, 0.25]",2023-03-11 03:43:17
0.89,0.89,0.89,0.89,Random_Sampling,AG_News,127600,XLMR-Base,24,50,4,2093,87227,38280,2.34,0.0184924413825683,1.3161297274254718e-07,0.0381583587431923,179.82957553863525,0.0082333087921142,"[0.26421404682274247, 0.25322503583373146, 0.24462494027711418, 0.23793597706641184]","[0.32, 0.24, 0.24, 0.2]","[0.25, 0.25, 0.25, 0.25]",2023-03-11 03:52:44
0.89,0.89,0.89,0.89,Random_Sampling,AG_News,127600,XLMR-Base,25,50,4,2143,87177,38280,2.4,0.0192812985529146,7.271466510351325e-08,0.0369986058031662,184.0878932476044,0.0045881271362304,"[0.2636490900606626, 0.2529164722351843, 0.2435837610825945, 0.23985067662155857]","[0.34, 0.24, 0.24, 0.18]","[0.25, 0.25, 0.25, 0.25]",2023-03-11 04:02:14
0.9,0.9,0.9,0.9,Random_Sampling,AG_News,127600,XLMR-Base,26,50,4,2193,87127,38280,2.46,0.0194200921441942,8.815536544506561e-08,0.037216318386765,188.50921630859372,0.0046198368072509,"[0.2617419060647515, 0.25262197902416783, 0.24578203374373006, 0.23985408116735066]","[0.34, 0.32, 0.22, 0.12]","[0.25, 0.25, 0.25, 0.25]",2023-03-11 04:11:48
0.9,0.9,0.9,0.9,Random_Sampling,AG_News,127600,XLMR-Base,27,50,4,2243,87077,38280,2.51,0.0198084191221824,7.272895737747563e-08,0.0374286815644797,192.76548981666565,0.0045528411865234,"[0.2634864021399911, 0.2518947837717343, 0.2429781542576906, 0.24164065983058403]","[0.36, 0.24, 0.22, 0.18]","[0.25, 0.25, 0.25, 0.25]",2023-03-11 04:21:27
0.89,0.89,0.89,0.9,Random_Sampling,AG_News,127600,XLMR-Base,28,50,4,2293,87027,38280,2.57,0.0211308675845821,8.699610421134126e-08,0.0379199176545374,197.07636213302607,0.0045998096466064,"[0.262974269515918, 0.2511993022241605, 0.24552987352812908, 0.2402965547317924]","[0.34, 0.26, 0.22, 0.18]","[0.25, 0.25, 0.25, 0.25]",2023-03-11 04:31:10
0.89,0.89,0.89,0.89,Random_Sampling,AG_News,127600,XLMR-Base,29,50,4,2343,86977,38280,2.62,0.0209131232259775,8.793909037676528e-08,0.0374823480264968,201.40080761909485,0.0046217441558837,"[0.2612035851472471, 0.2513871105420401, 0.24498506188647035, 0.24242424242424243]","[0.34, 0.26, 0.22, 0.18]","[0.25, 0.25, 0.25, 0.25]",2023-03-11 04:40:58
0.89,0.89,0.89,0.9,Random_Sampling,AG_News,127600,XLMR-Base,30,50,4,2393,86927,38280,2.68,0.021368600466845,8.840260880948732e-08,0.0376179424374823,205.58449697494507,0.0045812129974365,"[0.26284997910572505, 0.2498955286251567, 0.24446301713330548, 0.24279147513581278]","[0.36, 0.26, 0.22, 0.16]","[0.25, 0.25, 0.25, 0.25]",2023-03-11 04:50:49
0.89,0.89,0.89,0.89,Random_Sampling,AG_News,127600,XLMR-Base,31,50,4,2443,86877,38280,2.74,0.0216505233475891,1.333380242246147e-07,0.0384334759496219,209.7220923900604,0.0083534717559814,"[0.2627916496111338, 0.2521489971346705, 0.24273434302087596, 0.24232501023331968]","[0.32, 0.32, 0.2, 0.16]","[0.25, 0.25, 0.25, 0.25]",2023-03-11 05:00:45
0.9,0.9,0.9,0.9,Random_Sampling,AG_News,127600,XLMR-Base,32,50,4,2493,86827,38280,2.79,0.0213002093435294,1.0187684417520285e-07,0.0371288424753202,213.85102534294128,0.0064101219177246,"[0.26153229041315684, 0.25350982751704776, 0.2438828720417168, 0.24107501002807863]","[0.32, 0.3, 0.22, 0.16]","[0.25, 0.25, 0.25, 0.25]",2023-03-11 05:10:45
0.9,0.9,0.9,0.9,Random_Sampling,AG_News,127600,XLMR-Base,33,50,4,2543,86777,38280,2.85,0.0230942017389195,1.3286584532035886e-07,0.0373243699207549,218.19600772857663,0.0088663101196289,"[0.2595359811246559, 0.25285096342902086, 0.24537947306331104, 0.24223358238301218]","[0.32, 0.24, 0.22, 0.22]","[0.25, 0.25, 0.25, 0.25]",2023-03-11 05:20:49
0.9,0.9,0.9,0.9,Random_Sampling,AG_News,127600,XLMR-Base,34,50,4,2593,86727,38280,2.9,0.0232328217486798,8.827775967761715e-08,0.0385879884392426,222.5352153778076,0.00468111038208,"[0.2587736212880833, 0.25260316236020053, 0.24681835711531044, 0.2418048592364057]","[0.3, 0.26, 0.26, 0.18]","[0.25, 0.25, 0.25, 0.25]",2023-03-11 05:30:57
0.9,0.9,0.9,0.9,Random_Sampling,AG_News,127600,XLMR-Base,35,50,4,2643,86677,38280,2.96,0.0235980569277953,7.35310389187987e-08,0.0363951725634955,226.72742867469788,0.0045900344848632,"[0.25728339008702233, 0.2534998108210367, 0.24706772606886115, 0.24214907302307984]","[0.4, 0.22, 0.22, 0.16]","[0.25, 0.25, 0.25, 0.25]",2023-03-11 05:41:10
0.9,0.9,0.9,0.9,Random_Sampling,AG_News,127600,XLMR-Base,36,50,4,2693,86627,38280,3.02,0.0242118937823018,7.34660651059648e-08,0.0372311691667217,231.0491647720337,0.0046174526214599,"[0.25659116227255846, 0.25287783141477904, 0.2454511696992202, 0.24507983661344226]","[0.32, 0.26, 0.22, 0.2]","[0.25, 0.25, 0.25, 0.25]",2023-03-11 05:51:27
0.9,0.9,0.9,0.9,Random_Sampling,AG_News,127600,XLMR-Base,37,50,4,2743,86577,38280,3.07,0.0242831818045487,1.4747174651351949e-07,0.0383161138371671,235.32781767845157,0.0089964866638183,"[0.2566532993073277, 0.25191396281443673, 0.24681006197593874, 0.24462267590229675]","[0.32, 0.24, 0.24, 0.2]","[0.25, 0.25, 0.25, 0.25]",2023-03-11 06:01:48
0.9,0.9,0.9,0.9,Random_Sampling,AG_News,127600,XLMR-Base,38,50,4,2793,86527,38280,3.13,0.0243717083752857,8.834960481242142e-08,0.0369168591033454,239.64340949058533,0.0046172142028808,"[0.2563551736484067, 0.250984604368063, 0.24668814894378804, 0.24597207303974222]","[0.34, 0.26, 0.22, 0.18]","[0.25, 0.25, 0.25, 0.25]",2023-03-11 06:12:13
0.9,0.9,0.9,0.9,Random_Sampling,AG_News,127600,XLMR-Base,39,50,4,2843,86477,38280,3.18,0.0258541550595611,1.330977390258324e-07,0.0370431516085883,243.8627238273621,0.0088520050048828,"[0.2564192754132958, 0.2525501231093915, 0.24551530073865635, 0.24551530073865635]","[0.42, 0.3, 0.18, 0.1]","[0.25, 0.25, 0.25, 0.25]",2023-03-11 06:22:43
0.89,0.89,0.89,0.89,Random_Sampling,AG_News,127600,XLMR-Base,40,50,4,2893,86427,38280,3.24,0.0258497738630427,7.339778397486164e-08,0.0368063128530296,248.2177929878235,0.0045948028564453,"[0.2571724853093674, 0.24991358451434498, 0.2485309367438645, 0.2443829934324231]","[0.3, 0.26, 0.26, 0.18]","[0.25, 0.25, 0.25, 0.25]",2023-03-11 06:33:17
0.9,0.9,0.9,0.9,Random_Sampling,AG_News,127600,XLMR-Base,41,50,4,2943,86377,38280,3.29,0.0259513469587488,1.622614831599442e-07,0.0382819669149892,252.48385858535767,0.0108606815338134,"[0.2579001019367992, 0.25008494733265374, 0.2473666326877336, 0.24464831804281345]","[0.34, 0.24, 0.24, 0.18]","[0.25, 0.25, 0.25, 0.25]",2023-03-11 06:43:55
0.9,0.9,0.9,0.9,Random_Sampling,AG_News,127600,XLMR-Base,42,50,4,2993,86327,38280,3.35,0.0267620619477235,7.292581504006547e-08,0.0378142448867091,256.7900550365448,0.0045809745788574,"[0.25760106916137654, 0.2499164717674574, 0.24624122953558303, 0.24624122953558303]","[0.3, 0.26, 0.22, 0.22]","[0.25, 0.25, 0.25, 0.25]",2023-03-11 06:54:37
0.89,0.9,0.9,0.89,Random_Sampling,AG_News,127600,XLMR-Base,43,50,4,3043,86277,38280,3.41,0.0267009739361873,7.414261532819939e-08,0.0385609630561903,261.1142725944519,0.0045962333679199,"[0.25829773250082155, 0.24942490962865593, 0.24646730200460074, 0.24581005586592178]","[0.26, 0.26, 0.26, 0.22]","[0.25, 0.25, 0.25, 0.25]",2023-03-11 07:05:24
0.9,0.9,0.9,0.9,Random_Sampling,AG_News,127600,XLMR-Base,44,50,4,3093,86227,38280,3.46,0.0276468419209851,7.345134558514699e-08,0.0376794408094038,265.43768215179443,0.004648208618164,"[0.25832525056579375, 0.24959586162301972, 0.24668606530876172, 0.24539282250242483]","[0.3, 0.26, 0.22, 0.22]","[0.25, 0.25, 0.25, 0.25]",2023-03-11 07:16:15
0.9,0.9,0.9,0.9,Random_Sampling,AG_News,127600,XLMR-Base,45,50,4,3143,86177,38280,3.52,0.0279495297331334,8.835667317375812e-08,0.0378978339126926,269.7172293663025,0.0046899318695068,"[0.25898822780782693, 0.24912503977091952, 0.2468978682787146, 0.24498886414253898]","[0.32, 0.32, 0.2, 0.16]","[0.25, 0.25, 0.25, 0.25]",2023-03-11 07:27:10
0.9,0.9,0.9,0.9,Random_Sampling,AG_News,127600,XLMR-Base,46,50,4,3193,86127,38280,3.57,0.0292123755648432,1.0186467738283593e-07,0.0384991324363983,273.9058527946472,0.0060758590698242,"[0.25743814594425307, 0.24835577826495459, 0.248042593172565, 0.24616348261822737]","[0.28, 0.26, 0.26, 0.2]","[0.25, 0.25, 0.25, 0.25]",2023-03-11 07:38:10
0.9,0.9,0.9,0.9,Random_Sampling,AG_News,127600,XLMR-Base,47,50,4,3243,86077,38280,3.63,0.0291926389261631,7.362536996635191e-08,0.0381646635732998,278.3202166557312,0.0046358108520507,"[0.2577860006167129, 0.24822695035460993, 0.24761023743447425, 0.2463768115942029]","[0.28, 0.26, 0.26, 0.2]","[0.25, 0.25, 0.25, 0.25]",2023-03-11 07:49:14
0.9,0.9,0.9,0.9,Random_Sampling,AG_News,127600,XLMR-Base,48,50,4,3293,86027,38280,3.69,0.0294224253001824,7.22102694476744e-08,0.0370943832855686,282.54314517974854,0.0046467781066894,"[0.25781961737017917, 0.2487093835408442, 0.2477983601579107, 0.2456726389310659]","[0.34, 0.28, 0.2, 0.18]","[0.25, 0.25, 0.25, 0.25]",2023-03-11 08:00:22
0.9,0.9,0.9,0.9,Random_Sampling,AG_News,127600,XLMR-Base,49,50,4,3343,85977,38280,3.74,0.030250832433014,7.243961273597368e-08,0.0372139706858872,286.80324959754944,0.0046017169952392,"[0.2590487586000598, 0.24917738558181274, 0.2467843254561771, 0.24498953036195034]","[0.28, 0.28, 0.28, 0.16]","[0.25, 0.25, 0.25, 0.25]",2023-03-11 08:11:35
0.9,0.9,0.9,0.9,Random_Sampling,AG_News,127600,XLMR-Base,50,50,4,3393,85927,38280,3.8,0.0301102572824358,8.786527098652695e-08,0.0378089485556242,291.1691212654114,0.0047221183776855,"[0.2593575007368111, 0.24963159445918068, 0.24727379899793692, 0.24373710580607133]","[0.38, 0.26, 0.24, 0.12]","[0.25, 0.25, 0.25, 0.25]",2023-03-11 08:22:52
0.9,0.9,0.9,0.9,Random_Sampling,AG_News,127600,XLMR-Base,51,50,4,3443,85877,38280,3.85,0.0296707459894459,1.451528895259944e-07,0.0376330275971251,295.590505361557,0.0092954635620117,"[0.25733372059250653, 0.2494917223351728, 0.24920127795527156, 0.24397327911704908]","[0.32, 0.3, 0.26, 0.12]","[0.25, 0.25, 0.25, 0.25]",2023-03-11 08:34:13
0.9,0.9,0.9,0.9,Random_Sampling,AG_News,127600,XLMR-Base,52,50,4,3493,85827,38280,3.91,0.0310059585852899,7.436040049277901e-08,0.0371445391961776,300.1151406764984,0.0046851634979248,"[0.2582307472087031, 0.24992842828514172, 0.24964214142570856, 0.24219868308044662]","[0.4, 0.22, 0.2, 0.18]","[0.25, 0.25, 0.25, 0.25]",2023-03-11 08:45:39
0.9,0.9,0.9,0.9,Random_Sampling,AG_News,127600,XLMR-Base,53,50,4,3543,85777,38280,3.97,0.0319967943343491,7.423782800424737e-08,0.0379673196557952,304.32901334762573,0.0046286582946777,"[0.2602314422805532, 0.24950606830369743, 0.24865932825289302, 0.24160316116285635]","[0.28, 0.26, 0.24, 0.22]","[0.25, 0.25, 0.25, 0.25]",2023-03-11 08:57:09
0.9,0.9,0.9,0.9,Random_Sampling,AG_News,127600,XLMR-Base,54,50,4,3593,85727,38280,4.02,0.0319893427560281,8.798628597916825e-08,0.0378631581060584,308.8420219421387,0.0046501159667968,"[0.260228221541887, 0.24993042026161982, 0.24826050654049542, 0.24158085165599777]","[0.32, 0.3, 0.2, 0.18]","[0.25, 0.25, 0.25, 0.25]",2023-03-11 09:08:43
0.9,0.9,0.9,0.9,Random_Sampling,AG_News,127600,XLMR-Base,55,50,4,3643,85677,38280,4.08,0.0318895755748555,8.964273290547693e-08,0.0382230882560219,312.96311235427856,0.0046813488006591,"[0.25940159209442765, 0.2508921218775734, 0.24732363436727972, 0.24238265166071918]","[0.32, 0.26, 0.22, 0.2]","[0.25, 0.25, 0.25, 0.25]",2023-03-11 09:20:22
0.9,0.9,0.9,0.9,Random_Sampling,AG_News,127600,XLMR-Base,56,50,4,3693,85627,38280,4.13,0.0335780551641963,7.414575838814615e-08,0.0376236240280511,317.3893415927887,0.0047383308410644,"[0.2585973463308963, 0.2518277822908205, 0.24749526130517194, 0.2420796100731113]","[0.34, 0.24, 0.22, 0.2]","[0.25, 0.25, 0.25, 0.25]",2023-03-11 09:32:05
0.9,0.9,0.9,0.9,Random_Sampling,AG_News,127600,XLMR-Base,57,50,4,3743,85577,38280,4.19,0.0337268526940898,1.472111534844672e-07,0.0380345482794428,321.6354575157165,0.0088763236999511,"[0.25834891798022974, 0.25113545284531125, 0.24873096446700507, 0.2417846647074539]","[0.3, 0.28, 0.28, 0.14]","[0.25, 0.25, 0.25, 0.25]",2023-03-11 09:43:53
0.9,0.9,0.9,0.9,Random_Sampling,AG_News,127600,XLMR-Base,58,50,4,3793,85527,38280,4.25,0.0340622313669973,1.0151199890199896e-07,0.0381682430218295,326.02677631378174,0.0055887699127197,"[0.25863432639071976, 0.24967044555760612, 0.24914315844977591, 0.24255206960189823]","[0.32, 0.26, 0.24, 0.18]","[0.25, 0.25, 0.25, 0.25]",2023-03-11 09:55:45
0.9,0.9,0.9,0.9,Random_Sampling,AG_News,127600,XLMR-Base,59,50,4,3843,85477,38280,4.3,0.0351012689951344,1.456708284845814e-07,0.036732183675612,330.2663893699646,0.0088744163513183,"[0.2586520947176685, 0.25006505334374185, 0.2487639864689045, 0.24251886546968515]","[0.36, 0.3, 0.2, 0.14]","[0.25, 0.25, 0.25, 0.25]",2023-03-11 10:07:41
0.9,0.9,0.9,0.9,Random_Sampling,AG_News,127600,XLMR-Base,60,50,4,3893,85427,38280,4.36,0.0351514408735547,7.34160167591317e-08,0.0380447264783477,334.50173449516296,0.0046207904815673,"[0.2591831492422296, 0.2501926534806062, 0.24942203955818135, 0.2412021577189828]","[0.34, 0.3, 0.3, 0.06]","[0.25, 0.25, 0.25, 0.25]",2023-03-11 10:19:41
0.9,0.9,0.9,0.9,Random_Sampling,AG_News,127600,XLMR-Base,61,50,4,3943,85377,38280,4.41,0.0356599608658282,9.040688875465429e-08,0.0371166308314755,338.8852963447571,0.0049691200256347,"[0.2602079634795841, 0.25082424549835153, 0.2500634034998732, 0.23890438752219123]","[0.38, 0.24, 0.22, 0.16]","[0.25, 0.25, 0.25, 0.25]",2023-03-11 10:31:46
0.91,0.91,0.91,0.91,Random_Sampling,AG_News,127600,XLMR-Base,62,50,4,3993,85327,38280,4.47,0.0355831266607885,1.469088499070842e-07,0.0380573143880552,343.09383845329285,0.0089991092681884,"[0.26170798898071623, 0.25043826696719257, 0.2499373904332582, 0.23791635361883295]","[0.3, 0.28, 0.22, 0.2]","[0.25, 0.25, 0.25, 0.25]",2023-03-11 10:43:55
0.9,0.9,0.9,0.9,Random_Sampling,AG_News,127600,XLMR-Base,63,50,4,4043,85277,38280,4.53,0.0366730891074568,1.0217014882480687e-07,0.0375429281022539,347.44300627708435,0.0055515766143798,"[0.2609448429384121, 0.25105119960425426, 0.2495671531041306, 0.23843680435320308]","[0.28, 0.28, 0.24, 0.2]","[0.25, 0.25, 0.25, 0.25]",2023-03-11 10:56:08
0.9,0.9,0.9,0.91,Random_Sampling,AG_News,127600,XLMR-Base,64,50,4,4093,85227,38280,4.58,0.0366697022067226,7.335740134143997e-08,0.0379852726460443,351.66562843322754,0.0045344829559326,"[0.260200342047398, 0.25140483752748594, 0.2494502809675055, 0.23894453945761054]","[0.36, 0.26, 0.2, 0.18]","[0.25, 0.25, 0.25, 0.25]",2023-03-11 11:08:25
0.9,0.9,0.9,0.9,Random_Sampling,AG_News,127600,XLMR-Base,65,50,4,4143,85177,38280,4.64,0.0374757469274222,7.466592236066513e-08,0.0367928986659467,355.9674005508423,0.004591941833496,"[0.26019792420951, 0.25078445570842384, 0.25078445570842384, 0.23823316437364228]","[0.32, 0.28, 0.22, 0.18]","[0.25, 0.25, 0.25, 0.25]",2023-03-11 11:20:47
0.91,0.91,0.91,0.91,Random_Sampling,AG_News,127600,XLMR-Base,66,50,4,4193,85127,38280,4.69,0.0375921818532011,7.373443253099763e-08,0.0356966632372373,360.3787651062012,0.0045516490936279,"[0.2604340567612688, 0.25041736227045075, 0.24994037681850703, 0.23920820414977342]","[0.3, 0.3, 0.22, 0.18]","[0.25, 0.25, 0.25, 0.25]",2023-03-11 11:33:13
0.9,0.9,0.9,0.9,Random_Sampling,AG_News,127600,XLMR-Base,67,50,4,4243,85077,38280,4.75,0.0381878423061658,7.48070800026187e-08,0.0375276724430901,364.524640083313,0.0046131610870361,"[0.26090030638699035, 0.2505302851755833, 0.2500589205750648, 0.23851048786236154]","[0.36, 0.36, 0.14, 0.14]","[0.25, 0.25, 0.25, 0.25]",2023-03-11 11:45:44
0.9,0.9,0.9,0.91,Random_Sampling,AG_News,127600,XLMR-Base,68,50,4,4293,85027,38280,4.81,0.0385005062929016,7.33840539122564e-08,0.0370957226611937,368.89924025535583,0.0045804977416992,"[0.2620545073375262, 0.24924295364546936, 0.2487770789657582, 0.2399254600512462]","[0.32, 0.26, 0.22, 0.2]","[0.25, 0.25, 0.25, 0.25]",2023-03-11 11:58:18
0.9,0.9,0.9,0.9,Random_Sampling,AG_News,127600,XLMR-Base,69,50,4,4343,84977,38280,4.86,0.0379243499686903,8.742213160217155e-08,0.0382712635736259,373.1869695186615,0.0053238868713378,"[0.26272162099930924, 0.24936679714483076, 0.24844577481003915, 0.23946580704582085]","[0.28, 0.28, 0.24, 0.2]","[0.25, 0.25, 0.25, 0.25]",2023-03-11 12:10:57
0.9,0.9,0.9,0.9,Random_Sampling,AG_News,127600,XLMR-Base,70,50,4,4393,84927,38280,4.92,0.0393401659523002,7.310919677766536e-08,0.0381553949177404,377.47751021385193,0.0045447349548339,"[0.2629182790803551, 0.2488049169132711, 0.2488049169132711, 0.23947188709310266]","[0.32, 0.26, 0.22, 0.2]","[0.25, 0.25, 0.25, 0.25]",2023-03-11 12:23:41
0.9,0.9,0.9,0.9,Random_Sampling,AG_News,127600,XLMR-Base,71,50,4,4443,84877,38280,4.97,0.0402439552035437,7.292507717779698e-08,0.0384522905684155,381.7437465190888,0.0045323371887207,"[0.26288543776727435, 0.24848075624577987, 0.24825568309700652, 0.24037812288993923]","[0.3, 0.26, 0.22, 0.22]","[0.25, 0.25, 0.25, 0.25]",2023-03-11 12:36:28
0.9,0.9,0.9,0.9,Random_Sampling,AG_News,127600,XLMR-Base,72,50,4,4493,84827,38280,5.03,0.0398481930087046,1.317584815060169e-07,0.0378019565349156,386.0346863269806,0.0088534355163574,"[0.26329846427776543, 0.24860894725127977, 0.24794124193189407, 0.24015134653906076]","[0.34, 0.3, 0.24, 0.12]","[0.25, 0.25, 0.25, 0.25]",2023-03-11 12:49:20
0.9,0.9,0.9,0.9,Random_Sampling,AG_News,127600,XLMR-Base,73,50,4,4543,84777,38280,5.09,0.0398452000752729,8.949317789302723e-08,0.0379171830907356,390.2054152488709,0.004878282546997,"[0.2637023992956196, 0.24895443539511336, 0.24851419766674004, 0.23882896764252695]","[0.3, 0.3, 0.28, 0.12]","[0.25, 0.25, 0.25, 0.25]",2023-03-11 13:02:16
0.91,0.91,0.91,0.91,Random_Sampling,AG_News,127600,XLMR-Base,74,50,4,4593,84727,38280,5.14,0.0418554148177163,8.84797946930666e-08,0.0371313355830341,394.6515600681305,0.0047032833099365,"[0.2640975397343784, 0.24929240148051382, 0.24907467885913345, 0.23753537992597432]","[0.28, 0.28, 0.22, 0.22]","[0.25, 0.25, 0.25, 0.25]",2023-03-11 13:15:17
0.9,0.9,0.9,0.9,Random_Sampling,AG_News,127600,XLMR-Base,75,50,4,4643,84677,38280,5.2,0.0419289884326005,8.760098159739701e-08,0.0377597752791508,399.1277203559876,0.0048060417175292,"[0.2636226577643765, 0.24940771053198363, 0.24897695455524446, 0.23799267714839542]","[0.34, 0.3, 0.18, 0.18]","[0.25, 0.25, 0.25, 0.25]",2023-03-11 13:28:21
0.91,0.91,0.91,0.91,Random_Sampling,AG_News,127600,XLMR-Base,76,50,4,4693,84627,38280,5.25,0.0409437100466028,8.673054952309122e-08,0.0378068546917701,403.2096335887909,0.0045917034149169,"[0.26273172810568934, 0.2499467291711059, 0.2499467291711059, 0.23737481355209888]","[0.3, 0.24, 0.24, 0.22]","[0.25, 0.25, 0.25, 0.25]",2023-03-11 13:41:31
0.91,0.91,0.91,0.91,Random_Sampling,AG_News,127600,XLMR-Base,77,50,4,4743,84577,38280,5.31,0.0428002353844893,8.738000908878845e-08,0.037729760337832,407.5878691673279,0.0048122406005859,"[0.2624920936116382, 0.2504743833017078, 0.24963103520978283, 0.23740248787687118]","[0.36, 0.28, 0.24, 0.12]","[0.25, 0.25, 0.25, 0.25]",2023-03-11 13:54:44
0.91,0.91,0.91,0.91,Random_Sampling,AG_News,127600,XLMR-Base,78,50,4,4793,84527,38280,5.37,0.044079946487351,1.4490136242048706e-07,0.0367306006973735,411.32650113105774,0.0089550018310546,"[0.2622574587940747, 0.25078239098685584, 0.24911329021489673, 0.23784686000417274]","[0.3, 0.28, 0.26, 0.16]","[0.25, 0.25, 0.25, 0.25]",2023-03-11 14:08:01
0.91,0.91,0.91,0.91,Random_Sampling,AG_News,127600,XLMR-Base,79,50,4,4843,84477,38280,5.42,0.0435093896626241,1.0109947342887357e-07,0.0376867779514604,416.1928114891052,0.0067477226257324,"[0.26264711955399545, 0.2510840388189139, 0.24922568655791866, 0.237043155069172]","[0.28, 0.28, 0.24, 0.2]","[0.25, 0.25, 0.25, 0.25]",2023-03-11 14:21:22
0.91,0.91,0.91,0.91,Random_Sampling,AG_News,127600,XLMR-Base,80,50,4,4893,84427,38280,5.48,0.0431446701523423,7.148237613230184e-08,0.0380364571170517,420.46098160743713,0.0045983791351318,"[0.2628244430819538, 0.2505620273860617, 0.24913141222154098, 0.2374821173104435]","[0.32, 0.26, 0.26, 0.16]","[0.25, 0.25, 0.25, 0.25]",2023-03-11 14:34:48
0.91,0.91,0.91,0.91,Random_Sampling,AG_News,127600,XLMR-Base,81,50,4,4943,84377,38280,5.53,0.044514782009983,1.4576131431799446e-07,0.0380013436835469,424.7520520687103,0.0089130401611328,"[0.2627958729516488, 0.25065749544810845, 0.24984827028120574, 0.23669836131903702]","[0.32, 0.24, 0.22, 0.22]","[0.25, 0.25, 0.25, 0.25]",2023-03-11 14:48:18
0.91,0.91,0.91,0.91,Random_Sampling,AG_News,127600,XLMR-Base,82,50,4,4993,84327,38280,5.59,0.044308335527719,1.1787116367097285e-07,0.0372842875524332,428.98092889785767,0.0071899890899658,"[0.2623673142399359, 0.2513518926497096, 0.24974964950931303, 0.23653114360104147]","[0.34, 0.24, 0.22, 0.2]","[0.25, 0.25, 0.25, 0.25]",2023-03-11 15:01:52
0.91,0.91,0.91,0.91,Random_Sampling,AG_News,127600,XLMR-Base,83,50,4,5043,84277,38280,5.65,0.0438344200368533,7.322686410356838e-08,0.0362232682101832,433.11193203926086,0.0046532154083251,"[0.26194725361887766, 0.25084275232996234, 0.24965298433472138, 0.23755700971643862]","[0.32, 0.3, 0.2, 0.18]","[0.25, 0.25, 0.25, 0.25]",2023-03-11 15:15:31
0.91,0.91,0.91,0.91,Random_Sampling,AG_News,127600,XLMR-Base,84,50,4,5093,84227,38280,5.7,0.0460819713681018,3.929921882052914e-07,0.0383839707563858,437.6794664859772,0.0257875919342041,"[0.2611427449440408, 0.25132534851757315, 0.24916552130375025, 0.23836638523463577]","[0.28, 0.28, 0.24, 0.2]","[0.25, 0.25, 0.25, 0.25]",2023-03-11 15:29:13
0.91,0.91,0.91,0.91,Random_Sampling,AG_News,127600,XLMR-Base,85,50,4,5143,84177,38280,5.76,0.0465181293617573,8.761841461220226e-08,0.0364239163147606,441.865517616272,0.0046744346618652,"[0.2613260742757146, 0.2516041221077192, 0.24907641454404045, 0.23799338907252576]","[0.28, 0.26, 0.24, 0.22]","[0.25, 0.25, 0.25, 0.25]",2023-03-11 15:43:01
0.91,0.91,0.91,0.91,Random_Sampling,AG_News,127600,XLMR-Base,86,50,4,5193,84127,38280,5.81,0.0461773210540557,1.3003631432879846e-07,0.0377496402498969,446.2736463546753,0.0075931549072265,"[0.2611207394569613, 0.2518775274407857, 0.24879645676872714, 0.2382052763335259]","[0.32, 0.28, 0.22, 0.18]","[0.25, 0.25, 0.25, 0.25]",2023-03-11 15:56:52
0.91,0.91,0.91,0.91,Random_Sampling,AG_News,127600,XLMR-Base,87,50,4,5243,84077,38280,5.87,0.0480615476864282,8.58091299255729e-08,0.037178331231853,450.5890364646912,0.0046007633209228,"[0.2607285905016212, 0.25119206561129126, 0.24909403013541864, 0.2389853137516689]","[0.3, 0.28, 0.24, 0.18]","[0.25, 0.25, 0.25, 0.25]",2023-03-11 16:10:48
0.91,0.91,0.91,0.91,Random_Sampling,AG_News,127600,XLMR-Base,88,50,4,5293,84027,38280,5.93,0.0475324673126884,7.30098899918549e-08,0.0374043417568942,454.7398443222046,0.0046432018280029,"[0.26053277914226336, 0.25051955412809374, 0.2495749102588324, 0.2393727564708105]","[0.3, 0.26, 0.24, 0.2]","[0.25, 0.25, 0.25, 0.25]",2023-03-11 16:24:48
