F1,Accuracy,Recall,Precision,Query,Data,Model,Round,Trainset_absolute,Query_absolute,Test_absolute,Percent,Train_energy,Query_energy,Test_energy,Train_duration,Query_duration,Train_distribution,Query_distribution,Test_distribution,Datetime,Dataset_size
0.52,0.66,0.66,0.43,Breaking_Ties,Claimbuster,XLMR-Base,0,165,16308,7060,1.0,0.0008267536506718,0.0162749835904464,0.0067252365110582,14.2372305393219,152.6935634613037,"[0.6424242424242425, 0.2606060606060606, 0.09696969696969697]","[0.74, 0.16, 0.1]","[0.6550991501416431, 0.24008498583569404, 0.1048158640226629]",2023-02-24 20:22:58,23533
0.52,0.66,0.66,0.67,Breaking_Ties,Claimbuster,XLMR-Base,1,215,16258,7060,1.31,0.0015187684389554,0.0149233306724792,0.0066529486928178,18.487486362457275,152.73321652412417,"[0.6651162790697674, 0.22325581395348837, 0.11162790697674418]","[0.98, 0.02]","[0.6550991501416431, 0.24008498583569404, 0.1048158640226629]",2023-02-24 20:27:15,23533
0.65,0.68,0.68,0.63,Breaking_Ties,Claimbuster,XLMR-Base,2,265,16208,7060,1.61,0.0019380659678918,0.0146162916416691,0.0068146287462401,22.83234739303589,152.28734493255615,"[0.539622641509434, 0.3660377358490566, 0.09433962264150944]","[0.58, 0.28, 0.14]","[0.6550991501416431, 0.24008498583569404, 0.1048158640226629]",2023-02-24 20:31:36,23533
0.68,0.72,0.72,0.64,Breaking_Ties,Claimbuster,XLMR-Base,3,315,16158,7060,1.91,0.0022910446311219,0.0152745898349385,0.0067247544381014,27.105170726776123,151.69472646713257,"[0.546031746031746, 0.3523809523809524, 0.10158730158730159]","[0.5, 0.28, 0.22]","[0.6550991501416431, 0.24008498583569404, 0.1048158640226629]",2023-02-24 20:36:01,23533
0.68,0.73,0.73,0.65,Breaking_Ties,Claimbuster,XLMR-Base,4,365,16108,7060,2.22,0.0029400596069498,0.0156317557431004,0.0069627521438079,31.38960838317871,151.46742725372314,"[0.5397260273972603, 0.3424657534246575, 0.1178082191780822]","[0.6, 0.3, 0.1]","[0.6550991501416431, 0.24008498583569404, 0.1048158640226629]",2023-02-24 20:40:30,23533
0.69,0.73,0.73,0.65,Breaking_Ties,Claimbuster,XLMR-Base,5,415,16058,7060,2.52,0.0034821480979207,0.0156161698503061,0.0068033446793974,35.571473598480225,151.09497666358948,"[0.5108433734939759, 0.37349397590361444, 0.11566265060240964]","[0.56, 0.36, 0.08]","[0.6550991501416431, 0.24008498583569404, 0.1048158640226629]",2023-02-24 20:45:02,23533
0.71,0.75,0.75,0.67,Breaking_Ties,Claimbuster,XLMR-Base,6,465,16008,7060,2.82,0.0037132183005933,0.0158366232915682,0.0069086745739034,39.99779176712036,150.52369260787964,"[0.5161290322580645, 0.3720430107526882, 0.11182795698924732]","[0.44, 0.4, 0.16]","[0.6550991501416431, 0.24008498583569404, 0.1048158640226629]",2023-02-24 20:49:39,23533
0.7,0.75,0.75,0.66,Breaking_Ties,Claimbuster,XLMR-Base,7,515,15958,7060,3.13,0.0040611636646978,0.0149450907199553,0.0069694522234297,44.29777145385742,150.1369879245758,"[0.5087378640776699, 0.37475728155339805, 0.11650485436893204]","[0.5, 0.3, 0.2]","[0.6550991501416431, 0.24008498583569404, 0.1048158640226629]",2023-02-24 20:54:20,23533
0.75,0.77,0.77,0.76,Breaking_Ties,Claimbuster,XLMR-Base,8,565,15908,7060,3.43,0.0049447931136588,0.0146500271188648,0.0068138734121474,48.57132840156555,149.80099177360535,"[0.4902654867256637, 0.3858407079646018, 0.12389380530973451]","[0.38, 0.34, 0.28]","[0.6550991501416431, 0.24008498583569404, 0.1048158640226629]",2023-02-24 20:59:04,23533
0.72,0.77,0.77,0.69,Breaking_Ties,Claimbuster,XLMR-Base,9,615,15858,7060,3.73,0.0052582725297035,0.0143040944805344,0.0068973535261283,52.90131759643555,149.34039187431335,"[0.47317073170731705, 0.3821138211382114, 0.14471544715447154]","[0.34, 0.34, 0.32]","[0.6550991501416431, 0.24008498583569404, 0.1048158640226629]",2023-02-24 21:03:52,23533
0.79,0.8,0.8,0.79,Breaking_Ties,Claimbuster,XLMR-Base,10,665,15808,7060,4.04,0.0055536967474271,0.0155969740415136,0.0068331783156569,57.07024836540222,148.91820192337036,"[0.4631578947368421, 0.37894736842105264, 0.15789473684210525]","[0.44, 0.3, 0.26]","[0.6550991501416431, 0.24008498583569404, 0.1048158640226629]",2023-02-24 21:08:45,23533
0.74,0.78,0.78,0.77,Breaking_Ties,Claimbuster,XLMR-Base,11,715,15758,7060,4.34,0.0061335870315002,0.0147032440424302,0.0068107331356837,61.51074957847595,148.52881598472595,"[0.4489510489510489, 0.3832167832167832, 0.16783216783216784]","[0.42, 0.32, 0.26]","[0.6550991501416431, 0.24008498583569404, 0.1048158640226629]",2023-02-24 21:13:40,23533
0.77,0.79,0.79,0.78,Breaking_Ties,Claimbuster,XLMR-Base,12,765,15708,7060,4.64,0.0065018603837573,0.0153470628723476,0.0069593513085403,65.77626371383667,148.1489748954773,"[0.4470588235294118, 0.37516339869281046, 0.17777777777777778]","[0.4, 0.32, 0.28]","[0.6550991501416431, 0.24008498583569404, 0.1048158640226629]",2023-02-24 21:18:41,23533
0.79,0.8,0.8,0.79,Breaking_Ties,Claimbuster,XLMR-Base,13,815,15658,7060,4.95,0.0067974077244821,0.0151300142800226,0.0067773421261663,70.2210681438446,147.52459287643433,"[0.4441717791411043, 0.3693251533742331, 0.18650306748466258]","[0.5, 0.28, 0.22]","[0.6550991501416431, 0.24008498583569404, 0.1048158640226629]",2023-02-24 21:23:45,23533
0.77,0.78,0.78,0.77,Breaking_Ties,Claimbuster,XLMR-Base,14,865,15608,7060,5.25,0.0071499432029549,0.0150615837067986,0.0068305269058326,74.54460287094116,147.06876730918884,"[0.44739884393063584, 0.36416184971098264, 0.1884393063583815]","[0.48, 0.28, 0.24]","[0.6550991501416431, 0.24008498583569404, 0.1048158640226629]",2023-02-24 21:28:52,23533
0.8,0.81,0.81,0.8,Breaking_Ties,Claimbuster,XLMR-Base,15,915,15558,7060,5.55,0.0079721831585463,0.0145556466010676,0.006926856678594,78.80977320671082,146.74033427238464,"[0.4491803278688525, 0.35737704918032787, 0.19344262295081968]","[0.44, 0.34, 0.22]","[0.6550991501416431, 0.24008498583569404, 0.1048158640226629]",2023-02-24 21:34:04,23533
0.56,0.66,0.66,0.67,Breaking_Ties,Claimbuster,XLMR-Base,16,965,15508,7060,5.86,0.0081385315320248,0.0146830247724919,0.0069142260935751,83.27061438560486,146.29513382911682,"[0.43730569948186526, 0.3616580310880829, 0.20103626943005182]","[0.62, 0.34, 0.04]","[0.6550991501416431, 0.24008498583569404, 0.1048158640226629]",2023-02-24 21:39:19,23533
0.66,0.7,0.7,0.62,Breaking_Ties,Claimbuster,XLMR-Base,17,1015,15458,7060,6.16,0.0086077126713907,0.0153665980043583,0.0069003855507604,87.55842018127441,145.69479489326477,"[0.4463054187192118, 0.3605911330049261, 0.19310344827586207]","[0.54, 0.36, 0.1]","[0.6550991501416431, 0.24008498583569404, 0.1048158640226629]",2023-02-24 21:44:39,23533
0.81,0.81,0.81,0.81,Breaking_Ties,Claimbuster,XLMR-Base,18,1065,15408,7060,6.47,0.0094738742174298,0.014962679644596,0.0064627065205554,92.00205707550047,145.19452571868896,"[0.4422535211267606, 0.36901408450704226, 0.18873239436619718]","[0.66, 0.22, 0.12]","[0.6550991501416431, 0.24008498583569404, 0.1048158640226629]",2023-02-24 21:50:02,23533
0.8,0.81,0.81,0.8,Breaking_Ties,Claimbuster,XLMR-Base,19,1115,15358,7060,6.77,0.0092563315643481,0.0150547932003701,0.0068319847110962,96.34379053115843,144.86054611206055,"[0.45201793721973094, 0.36233183856502243, 0.18565022421524663]","[0.42, 0.36, 0.22]","[0.6550991501416431, 0.24008498583569404, 0.1048158640226629]",2023-02-24 21:55:30,23533
0.82,0.82,0.82,0.81,Breaking_Ties,Claimbuster,XLMR-Base,20,1165,15308,7060,7.07,0.0102133417857968,0.0150653463589597,0.006289561674304,100.70389938354492,144.2528910636902,"[0.448068669527897, 0.3648068669527897, 0.1871244635193133]","[0.36, 0.32, 0.32]","[0.6550991501416431, 0.24008498583569404, 0.1048158640226629]",2023-02-24 22:01:01,23533
0.76,0.78,0.78,0.76,Breaking_Ties,Claimbuster,XLMR-Base,21,1215,15258,7060,7.38,0.0100068525157754,0.0147326702205308,0.0065728688292211,104.95954871177672,143.93809413909912,"[0.4444444444444444, 0.362962962962963, 0.1925925925925926]","[0.44, 0.32, 0.24]","[0.6550991501416431, 0.24008498583569404, 0.1048158640226629]",2023-02-24 22:06:36,23533
0.78,0.78,0.78,0.79,Breaking_Ties,Claimbuster,XLMR-Base,22,1265,15208,7060,7.68,0.0116223369192917,0.014409252409356,0.0063900614061397,109.43443989753725,143.60719466209412,"[0.4442687747035573, 0.3612648221343874, 0.19446640316205532]","[0.54, 0.24, 0.22]","[0.6550991501416431, 0.24008498583569404, 0.1048158640226629]",2023-02-24 22:12:15,23533
0.66,0.71,0.71,0.62,Breaking_Ties,Claimbuster,XLMR-Base,23,1315,15158,7060,7.98,0.0113641303896176,0.0144034203532178,0.0064169928984405,113.94529700279236,143.0555226802826,"[0.4479087452471483, 0.355893536121673, 0.1961977186311787]","[0.5, 0.46, 0.04]","[0.6550991501416431, 0.24008498583569404, 0.1048158640226629]",2023-02-24 22:17:58,23533
0.81,0.81,0.81,0.8,Breaking_Ties,Claimbuster,XLMR-Base,24,1365,15108,7060,8.29,0.0110346978631214,0.0138015866230739,0.006809734093573,118.3623912334442,142.53352999687195,"[0.44981684981684983, 0.3597069597069597, 0.19047619047619047]","[0.38, 0.34, 0.28]","[0.6550991501416431, 0.24008498583569404, 0.1048158640226629]",2023-02-24 22:23:45,23533
0.82,0.82,0.82,0.81,Breaking_Ties,Claimbuster,XLMR-Base,25,1415,15058,7060,8.59,0.012264070772336,0.0146973140829075,0.0069487765532085,122.8028712272644,142.25473737716675,"[0.44734982332155476, 0.35901060070671376, 0.19363957597173145]","[0.38, 0.38, 0.24]","[0.6550991501416431, 0.24008498583569404, 0.1048158640226629]",2023-02-24 22:29:36,23533
0.81,0.81,0.81,0.81,Breaking_Ties,Claimbuster,XLMR-Base,26,1465,15008,7060,8.89,0.0130247655991687,0.014411921292239,0.0068094433972977,127.05718398094176,141.559668302536,"[0.44505119453924913, 0.3597269624573379, 0.19522184300341297]","[0.52, 0.26, 0.22]","[0.6550991501416431, 0.24008498583569404, 0.1048158640226629]",2023-02-24 22:35:31,23533
0.82,0.82,0.82,0.82,Breaking_Ties,Claimbuster,XLMR-Base,27,1515,14958,7060,9.2,0.0135150354767229,0.0148159934346658,0.0069982851179203,131.5288918018341,141.28605914115906,"[0.44752475247524753, 0.3551155115511551, 0.19735973597359735]","[0.5, 0.32, 0.18]","[0.6550991501416431, 0.24008498583569404, 0.1048158640226629]",2023-02-24 22:41:29,23533
0.77,0.78,0.78,0.77,Breaking_Ties,Claimbuster,XLMR-Base,28,1565,14908,7060,9.5,0.014207958666812,0.0146665409490539,0.0068081491804226,135.74347019195557,140.73260951042175,"[0.44920127795527154, 0.3539936102236422, 0.19680511182108626]","[0.58, 0.26, 0.16]","[0.6550991501416431, 0.24008498583569404, 0.1048158640226629]",2023-02-24 22:47:32,23533
0.8,0.81,0.81,0.8,Breaking_Ties,Claimbuster,XLMR-Base,29,1615,14858,7060,9.8,0.0141042451948634,0.0139670001989615,0.0068879110437185,140.13860607147217,140.2899124622345,"[0.45325077399380803, 0.3510835913312694, 0.1956656346749226]","[0.56, 0.24, 0.2]","[0.6550991501416431, 0.24008498583569404, 0.1048158640226629]",2023-02-24 22:53:39,23533
0.81,0.82,0.82,0.81,Breaking_Ties,Claimbuster,XLMR-Base,30,1665,14808,7060,10.11,0.0146276932337846,0.0134393296883285,0.0068860333701127,144.71863222122192,139.7017593383789,"[0.45645645645645644, 0.34654654654654654, 0.196996996996997]","[0.5, 0.28, 0.22]","[0.6550991501416431, 0.24008498583569404, 0.1048158640226629]",2023-02-24 22:59:49,23533
0.82,0.82,0.82,0.81,Breaking_Ties,Claimbuster,XLMR-Base,31,1715,14758,7060,10.41,0.0142758824405034,0.0142136234476026,0.0069735742649362,148.921936750412,139.1743528842926,"[0.4577259475218659, 0.3446064139941691, 0.197667638483965]","[0.46, 0.28, 0.26]","[0.6550991501416431, 0.24008498583569404, 0.1048158640226629]",2023-02-24 23:06:04,23533
0.8,0.8,0.8,0.8,Breaking_Ties,Claimbuster,XLMR-Base,32,1765,14708,7060,10.71,0.0156540617210266,0.0144601347349314,0.0069817298708894,153.3310477733612,138.7979805469513,"[0.4577903682719547, 0.34277620396600567, 0.19943342776203965]","[0.6, 0.2, 0.2]","[0.6550991501416431, 0.24008498583569404, 0.1048158640226629]",2023-02-24 23:12:22,23533
0.82,0.83,0.83,0.82,Breaking_Ties,Claimbuster,XLMR-Base,33,1815,14658,7060,11.02,0.0164601051269201,0.014010688211005,0.0068134393940663,157.67885398864746,138.27969193458557,"[0.46170798898071624, 0.33884297520661155, 0.19944903581267218]","[0.46, 0.34, 0.2]","[0.6550991501416431, 0.24008498583569404, 0.1048158640226629]",2023-02-24 23:18:44,23533
0.81,0.82,0.82,0.81,Breaking_Ties,Claimbuster,XLMR-Base,34,1865,14608,7060,11.32,0.0162040037247305,0.0142779154897655,0.0068481183323524,162.31094074249268,137.92235684394836,"[0.4616621983914209, 0.3351206434316354, 0.2032171581769437]","[0.52, 0.28, 0.2]","[0.6550991501416431, 0.24008498583569404, 0.1048158640226629]",2023-02-24 23:25:10,23533
0.82,0.83,0.83,0.82,Breaking_Ties,Claimbuster,XLMR-Base,35,1915,14558,7060,11.63,0.0166008682303731,0.0143445683176958,0.0069342849928017,166.4114077091217,137.29193377494812,"[0.46318537859007836, 0.33368146214099215, 0.2031331592689295]","[0.4, 0.38, 0.22]","[0.6550991501416431, 0.24008498583569404, 0.1048158640226629]",2023-02-24 23:31:40,23533
0.78,0.79,0.79,0.78,Breaking_Ties,Claimbuster,XLMR-Base,36,1965,14508,7060,11.93,0.0176659677331133,0.013856523189981,0.0065456474797997,170.77021646499634,136.81552267074585,"[0.46157760814249366, 0.33486005089058524, 0.2035623409669211]","[0.44, 0.32, 0.24]","[0.6550991501416431, 0.24008498583569404, 0.1048158640226629]",2023-02-24 23:38:14,23533
0.81,0.82,0.82,0.81,Breaking_Ties,Claimbuster,XLMR-Base,37,2015,14458,7060,12.23,0.0176346054100377,0.0143389446908559,0.0070369680393812,175.0727744102478,136.31961464881897,"[0.4610421836228288, 0.3325062034739454, 0.2064516129032258]","[0.36, 0.36, 0.28]","[0.6550991501416431, 0.24008498583569404, 0.1048158640226629]",2023-02-24 23:44:51,23533
0.82,0.82,0.82,0.81,Breaking_Ties,Claimbuster,XLMR-Base,38,2065,14408,7060,12.54,0.0183592325497636,0.0139567369161123,0.0068456655891195,179.54110980033877,136.05367732048035,"[0.4585956416464891, 0.3331719128329298, 0.20823244552058112]","[0.4, 0.34, 0.26]","[0.6550991501416431, 0.24008498583569404, 0.1048158640226629]",2023-02-24 23:51:33,23533
0.76,0.78,0.78,0.76,Breaking_Ties,Claimbuster,XLMR-Base,39,2115,14358,7060,12.84,0.0188247868191108,0.014286229429116,0.0068449349148031,184.04083395004272,135.44446396827698,"[0.45721040189125295, 0.33144208037825057, 0.21134751773049645]","[0.56, 0.34, 0.1]","[0.6550991501416431, 0.24008498583569404, 0.1048158640226629]",2023-02-24 23:58:19,23533
0.81,0.82,0.82,0.81,Breaking_Ties,Claimbuster,XLMR-Base,40,2165,14308,7060,13.14,0.0191671332132769,0.013825275982057,0.006867079732375,188.32569193840027,134.9940049648285,"[0.45450346420323323, 0.33672055427251735, 0.20877598152424942]","[0.44, 0.42, 0.14]","[0.6550991501416431, 0.24008498583569404, 0.1048158640226629]",2023-02-25 00:05:08,23533
0.81,0.82,0.82,0.81,Breaking_Ties,Claimbuster,XLMR-Base,41,2215,14258,7060,13.45,0.0193167654707519,0.0130661188977984,0.006817122460486,192.7622098922729,134.487815618515,"[0.45372460496614, 0.33905191873589163, 0.2072234762979684]","[0.48, 0.3, 0.22]","[0.6550991501416431, 0.24008498583569404, 0.1048158640226629]",2023-02-25 00:12:01,23533
0.74,0.74,0.74,0.74,Breaking_Ties,Claimbuster,XLMR-Base,42,2265,14208,7060,13.75,0.019749866520854,0.0136876813465119,0.0068948186643058,197.02074074745173,134.00767755508423,"[0.4543046357615894, 0.33818984547461367, 0.20750551876379691]","[0.64, 0.3, 0.06]","[0.6550991501416431, 0.24008498583569404, 0.1048158640226629]",2023-02-25 00:18:59,23533
0.82,0.83,0.83,0.82,Breaking_Ties,Claimbuster,XLMR-Base,43,2315,14158,7060,14.05,0.0203594945442611,0.0133272982501373,0.0068845238181445,201.64713597297668,133.43507266044617,"[0.4583153347732181, 0.33736501079913606, 0.2043196544276458]","[0.5, 0.26, 0.24]","[0.6550991501416431, 0.24008498583569404, 0.1048158640226629]",2023-02-25 00:26:00,23533
0.82,0.82,0.82,0.82,Breaking_Ties,Claimbuster,XLMR-Base,44,2365,14108,7060,14.36,0.0208059732404492,0.0132705514959469,0.0067941973979544,205.7816472053528,133.094477891922,"[0.45919661733615225, 0.3357293868921776, 0.20507399577167018]","[0.44, 0.3, 0.26]","[0.6550991501416431, 0.24008498583569404, 0.1048158640226629]",2023-02-25 00:33:05,23533
0.52,0.66,0.66,0.43,Breaking_Ties,Claimbuster,XLMR-Base,45,2415,14058,7060,14.66,0.0208928514828292,0.0135920448429689,0.0067886580112826,209.90711164474487,132.46987414360046,"[0.4587991718426501, 0.3349896480331263, 0.2062111801242236]","[0.98, 0.02]","[0.6550991501416431, 0.24008498583569404, 0.1048158640226629]",2023-02-25 00:40:14,23533
0.82,0.82,0.82,0.82,Breaking_Ties,Claimbuster,XLMR-Base,46,2465,14008,7060,14.96,0.022455285839632,0.0133544426985402,0.0068451572018469,214.4998979568481,131.98916745185852,"[0.4693711967545639, 0.3286004056795132, 0.20202839756592292]","[0.54, 0.28, 0.18]","[0.6550991501416431, 0.24008498583569404, 0.1048158640226629]",2023-02-25 00:47:26,23533
0.83,0.83,0.83,0.82,Breaking_Ties,Claimbuster,XLMR-Base,47,2515,13958,7060,15.27,0.0222395660642845,0.0133244631241278,0.00692480325237,218.81278562545776,131.62447214126587,"[0.47077534791252484, 0.3276341948310139, 0.20159045725646124]","[0.42, 0.3, 0.28]","[0.6550991501416431, 0.24008498583569404, 0.1048158640226629]",2023-02-25 00:54:43,23533
