F1,Accuracy,Recall,Precision,Query,Data,Dataset_size,Model,Round,Sample_size,Num_Labels,Trainset_absolute,Query_absolute,Test_absolute,Percent,Train_energy,Query_energy,Test_energy,Train_duration,Query_duration,Train_distribution,Query_distribution,Test_distribution,Datetime
0.89,0.89,0.89,0.89,Breaking_Ties,AG_News,127600,XLMR-Base,0,50,4,893,88427,38280,1.0,0.0080951272501399,0.0876178507887034,0.037608817068208,76.4039134979248,819.0568435192108,"[0.2620380739081747, 0.25083986562150057, 0.24636058230683092, 0.24076147816349383]","[0.42, 0.32, 0.24, 0.02]","[0.25, 0.25, 0.25, 0.25]",2023-03-16 13:07:38
0.89,0.89,0.89,0.89,Breaking_Ties,AG_News,127600,XLMR-Base,1,50,4,943,88377,38280,1.06,0.0078206640487593,0.0860172732288598,0.0374695976089852,81.02815341949463,819.1347103118896,"[0.2608695652173913, 0.2598091198303287, 0.25026511134676566, 0.22905620360551432]","[0.5, 0.3, 0.2]","[0.25, 0.25, 0.25, 0.25]",2023-03-16 13:29:05
0.89,0.89,0.89,0.89,Breaking_Ties,AG_News,127600,XLMR-Base,2,50,4,993,88327,38280,1.11,0.0084869271462589,0.0876341971463523,0.0382531200960699,85.3404266834259,819.9904170036316,"[0.2719033232628399, 0.2578046324269889, 0.2527693856998993, 0.2175226586102719]","[0.42, 0.3, 0.18, 0.1]","[0.25, 0.25, 0.25, 0.25]",2023-03-16 13:50:37
0.89,0.89,0.89,0.89,Breaking_Ties,AG_News,127600,XLMR-Base,3,50,4,1043,88277,38280,1.17,0.0086155874965702,0.0871987836227472,0.038075572654082,89.59777283668518,817.7416019439697,"[0.27900287631831255, 0.2550335570469799, 0.25407478427612656, 0.21188878235858102]","[0.44, 0.34, 0.12, 0.1]","[0.25, 0.25, 0.25, 0.25]",2023-03-16 14:12:15
0.89,0.89,0.89,0.89,Breaking_Ties,AG_News,127600,XLMR-Base,4,50,4,1093,88227,38280,1.22,0.0097466479460184,0.0856703600174636,0.0375527539704805,93.9341893196106,817.5009965896606,"[0.28636779505946935, 0.25892040256175664, 0.24794144556267156, 0.20677035681610248]","[0.44, 0.32, 0.16, 0.08]","[0.25, 0.25, 0.25, 0.25]",2023-03-16 14:33:54
0.89,0.89,0.89,0.89,Breaking_Ties,AG_News,127600,XLMR-Base,5,50,4,1143,88177,38280,1.28,0.0098479005662141,0.0856725711440236,0.0384170536500496,98.21116185188292,817.5901434421539,"[0.29308836395450566, 0.2615923009623797, 0.2440944881889764, 0.20122484689413822]","[0.44, 0.32, 0.2, 0.04]","[0.25, 0.25, 0.25, 0.25]",2023-03-16 14:55:37
0.89,0.89,0.89,0.89,Breaking_Ties,AG_News,127600,XLMR-Base,6,50,4,1193,88127,38280,1.34,0.0102727739521086,0.085586384685397,0.0375790999067079,102.55608749389648,816.6083340644836,"[0.29924559932942163, 0.2640402347024308, 0.24224643755238895, 0.1944677284157586]","[0.32, 0.32, 0.22, 0.14]","[0.25, 0.25, 0.25, 0.25]",2023-03-16 15:17:24
0.9,0.9,0.9,0.9,Breaking_Ties,AG_News,127600,XLMR-Base,7,50,4,1243,88077,38280,1.39,0.0109131812727921,0.0872324800547667,0.0387176620966045,106.79848957061768,815.8183841705322,"[0.3000804505229284, 0.26629123089300083, 0.2413515687851971, 0.1922767497988737]","[0.36, 0.36, 0.22, 0.06]","[0.25, 0.25, 0.25, 0.25]",2023-03-16 15:39:15
0.9,0.9,0.9,0.9,Breaking_Ties,AG_News,127600,XLMR-Base,8,50,4,1293,88027,38280,1.45,0.0112056733055604,0.0866771061287274,0.0374613124714222,111.20480298995972,815.5063836574554,"[0.3023975251353442, 0.2699149265274555, 0.24052590873936583, 0.1871616395978345]","[0.44, 0.26, 0.26, 0.04]","[0.25, 0.25, 0.25, 0.25]",2023-03-16 16:01:10
0.9,0.9,0.9,0.9,Breaking_Ties,AG_News,127600,XLMR-Base,9,50,4,1343,87977,38280,1.5,0.0121591520626703,0.0844687123119193,0.0377164798928812,115.34254360198976,814.672114610672,"[0.30081906180193596, 0.276247207743857, 0.24125093075204765, 0.18168279970215934]","[0.5, 0.28, 0.18, 0.04]","[0.25, 0.25, 0.25, 0.25]",2023-03-16 16:23:08
0.9,0.9,0.9,0.9,Breaking_Ties,AG_News,127600,XLMR-Base,10,50,4,1393,87927,38280,1.56,0.0120126669110759,0.0866838379457245,0.0380847315834493,119.7645137310028,814.8334102630615,"[0.30007178750897345, 0.28427853553481697, 0.2390524048815506, 0.176597272074659]","[0.5, 0.26, 0.18, 0.06]","[0.25, 0.25, 0.25, 0.25]",2023-03-16 16:45:10
0.9,0.9,0.9,0.9,Breaking_Ties,AG_News,127600,XLMR-Base,11,50,4,1443,87877,38280,1.62,0.0127867606932975,0.0866248655264373,0.0379246361669578,124.04459285736084,814.1006798744202,"[0.2986832986832987, 0.29175329175329173, 0.23700623700623702, 0.17255717255717257]","[0.4, 0.34, 0.26]","[0.25, 0.25, 0.25, 0.25]",2023-03-16 17:07:16
0.9,0.9,0.9,0.9,Breaking_Ties,AG_News,127600,XLMR-Base,12,50,4,1493,87827,38280,1.67,0.0123207862682429,0.0864846114763651,0.0373620744530328,128.2720808982849,813.3516590595245,"[0.3000669792364367, 0.2953784326858674, 0.2377762893503014, 0.1667782987273945]","[0.44, 0.36, 0.1, 0.1]","[0.25, 0.25, 0.25, 0.25]",2023-03-16 17:29:26
0.9,0.9,0.9,0.9,Breaking_Ties,AG_News,127600,XLMR-Base,13,50,4,1543,87777,38280,1.73,0.0129619239648127,0.0858841461660813,0.037677936135693,132.60284447669983,813.0635087490082,"[0.304601425793908, 0.29747245625405055, 0.23331173039533376, 0.1646143875567077]","[0.46, 0.3, 0.18, 0.06]","[0.25, 0.25, 0.25, 0.25]",2023-03-16 17:51:39
0.9,0.9,0.9,0.9,Breaking_Ties,AG_News,127600,XLMR-Base,14,50,4,1593,87727,38280,1.78,0.0143066931246922,0.0852851539537065,0.0376309397109985,136.89110493659973,812.7762732505798,"[0.30947897049591966, 0.2975517890772128, 0.23163841807909605, 0.1613308223477715]","[0.44, 0.38, 0.14, 0.04]","[0.25, 0.25, 0.25, 0.25]",2023-03-16 18:13:56
0.91,0.91,0.91,0.91,Breaking_Ties,AG_News,127600,XLMR-Base,15,50,4,1643,87677,38280,1.84,0.0142837211119152,0.0848824840128267,0.0379133317108989,141.18657851219177,812.4050896167755,"[0.3134510042604991, 0.3000608642726719, 0.2288496652465003, 0.15763846622032868]","[0.46, 0.34, 0.14, 0.06]","[0.25, 0.25, 0.25, 0.25]",2023-03-16 18:36:18
0.91,0.91,0.91,0.91,Breaking_Ties,AG_News,127600,XLMR-Base,16,50,4,1693,87627,38280,1.9,0.0149200728244211,0.08540612477919,0.0380045270188354,145.43010544776917,811.8911998271942,"[0.3142350856467809, 0.3047844063792085, 0.2262256349675133, 0.15475487300649735]","[0.4, 0.3, 0.2, 0.1]","[0.25, 0.25, 0.25, 0.25]",2023-03-16 18:58:43
0.91,0.91,0.91,0.91,Breaking_Ties,AG_News,127600,XLMR-Base,17,50,4,1743,87577,38280,1.95,0.0149580613668466,0.0861922527568428,0.0376987089438227,149.79752469062805,811.6262247562408,"[0.3138267355134825, 0.30751577739529545, 0.22547332185886404, 0.153184165232358]","[0.52, 0.26, 0.16, 0.06]","[0.25, 0.25, 0.25, 0.25]",2023-03-16 19:21:12
0.9,0.9,0.9,0.9,Breaking_Ties,AG_News,127600,XLMR-Base,18,50,4,1793,87527,38280,2.01,0.0161783503929811,0.085486898570014,0.0375615916952236,154.2242410182953,811.3681643009186,"[0.3195761293920803, 0.30619074177356387, 0.22364751812604575, 0.15058561070831009]","[0.44, 0.38, 0.18]","[0.25, 0.25, 0.25, 0.25]",2023-03-16 19:43:46
0.91,0.91,0.91,0.91,Breaking_Ties,AG_News,127600,XLMR-Base,19,50,4,1843,87477,38280,2.06,0.0161562668147312,0.0853072102187495,0.037738660437562,158.43134903907776,810.4814620018005,"[0.3228431904503527, 0.3081931633206728, 0.2224633749321758, 0.14650027129679868]","[0.44, 0.4, 0.14, 0.02]","[0.25, 0.25, 0.25, 0.25]",2023-03-16 20:06:23
0.91,0.91,0.91,0.91,Breaking_Ties,AG_News,127600,XLMR-Base,20,50,4,1893,87427,38280,2.12,0.0170195306455733,0.0861417852696424,0.0387564622277493,162.7081069946289,809.7280058860779,"[0.3259376650818806, 0.31061806656101426, 0.2202852614896989, 0.14315900686740624]","[0.48, 0.3, 0.18, 0.04]","[0.25, 0.25, 0.25, 0.25]",2023-03-16 20:29:04
0.91,0.91,0.91,0.91,Breaking_Ties,AG_News,127600,XLMR-Base,21,50,4,1943,87377,38280,2.18,0.018071935191771,0.086545278192691,0.0377880922162043,166.84091997146606,809.2243547439575,"[0.3299022130725682, 0.3103448275862069, 0.21924858466289243, 0.1405043746783325]","[0.42, 0.28, 0.26, 0.04]","[0.25, 0.25, 0.25, 0.25]",2023-03-16 20:51:48
0.91,0.91,0.91,0.91,Breaking_Ties,AG_News,127600,XLMR-Base,22,50,4,1993,87327,38280,2.23,0.0177201883869775,0.0867891389217519,0.038571871019101,171.2261905670166,808.765730381012,"[0.3321625689914701, 0.30958354239839436, 0.22027094831911692, 0.13798294029101857]","[0.46, 0.3, 0.2, 0.04]","[0.25, 0.25, 0.25, 0.25]",2023-03-16 21:14:35
0.9,0.9,0.9,0.9,Breaking_Ties,AG_News,127600,XLMR-Base,23,50,4,2043,87277,38280,2.29,0.0179597690488548,0.0871072111877163,0.0374827729949689,175.4716067314148,809.3220043182373,"[0.3352912383749388, 0.30934899657366616, 0.21977484092021538, 0.13558492413117965]","[0.48, 0.3, 0.22]","[0.25, 0.25, 0.25, 0.25]",2023-03-16 21:37:27
0.91,0.91,0.91,0.91,Breaking_Ties,AG_News,127600,XLMR-Base,24,50,4,2093,87227,38280,2.34,0.018188611275248,0.0846760498010311,0.0372377473477227,179.9831714630127,808.2049095630646,"[0.33444816053511706, 0.31342570473005255, 0.21978021978021978, 0.1323459149546106]","[0.42, 0.3, 0.24, 0.04]","[0.25, 0.25, 0.25, 0.25]",2023-03-16 22:00:23
0.91,0.91,0.91,0.91,Breaking_Ties,AG_News,127600,XLMR-Base,25,50,4,2143,87177,38280,2.4,0.0190207318524001,0.0843570402360486,0.0377773738317677,183.9541790485382,807.5612881183624,"[0.3364442370508633, 0.31311245916938873, 0.22025198320111994, 0.1301913205786281]","[0.44, 0.34, 0.16, 0.06]","[0.25, 0.25, 0.25, 0.25]",2023-03-16 22:23:23
0.91,0.91,0.91,0.91,Breaking_Ties,AG_News,127600,XLMR-Base,26,50,4,2193,87127,38280,2.46,0.0193036845264502,0.0850412170837578,0.0376950897849311,188.3807837963104,807.5440151691437,"[0.3388052895576835, 0.3137254901960784, 0.2188782489740082, 0.12859097127222982]","[0.42, 0.4, 0.14, 0.04]","[0.25, 0.25, 0.25, 0.25]",2023-03-16 22:46:26
0.91,0.91,0.91,0.91,Breaking_Ties,AG_News,127600,XLMR-Base,27,50,4,2243,87077,38280,2.51,0.0199470899902053,0.0848455124333167,0.0383935921204683,192.9386098384857,807.1529777050018,"[0.34016941596076683, 0.31609451627284885, 0.2171199286669639, 0.12661613909942043]","[0.38, 0.26, 0.26, 0.1]","[0.25, 0.25, 0.25, 0.25]",2023-03-16 23:09:34
0.91,0.91,0.91,0.91,Breaking_Ties,AG_News,127600,XLMR-Base,28,50,4,2293,87027,38280,2.57,0.0196770273869037,0.0850899621263299,0.0380524426807244,197.17601704597476,806.593897819519,"[0.3384212821631051, 0.3174880069777584, 0.21805494984736154, 0.12603576101177497]","[0.54, 0.3, 0.14, 0.02]","[0.25, 0.25, 0.25, 0.25]",2023-03-16 23:32:46
0.91,0.91,0.91,0.91,Breaking_Ties,AG_News,127600,XLMR-Base,29,50,4,2343,86977,38280,2.62,0.0210377039716363,0.0848576621936641,0.0369976959223101,201.50779461860657,805.8718783855438,"[0.33760136577037986, 0.32223644899701237, 0.21638924455825864, 0.12377294067434913]","[0.48, 0.32, 0.14, 0.06]","[0.25, 0.25, 0.25, 0.25]",2023-03-16 23:56:02
0.91,0.91,0.91,0.91,Breaking_Ties,AG_News,127600,XLMR-Base,30,50,4,2393,86927,38280,2.68,0.0215935913159915,0.0859380502613229,0.036798885997163,205.8235654830933,805.9849498271942,"[0.340576681989135, 0.3221897200167154, 0.21479314667781027, 0.12244045131633932]","[0.42, 0.32, 0.18, 0.08]","[0.25, 0.25, 0.25, 0.25]",2023-03-17 00:19:21
0.91,0.91,0.91,0.91,Breaking_Ties,AG_News,127600,XLMR-Base,31,50,4,2443,86877,38280,2.74,0.0205839872555278,0.0859020900039107,0.0381792250130334,210.1082813739777,804.9085328578949,"[0.3422022103970528, 0.32214490380679495, 0.21408104789193613, 0.12157183790421613]","[0.36, 0.36, 0.28]","[0.25, 0.25, 0.25, 0.25]",2023-03-17 00:42:44
0.91,0.91,0.91,0.91,Breaking_Ties,AG_News,127600,XLMR-Base,32,50,4,2493,86827,38280,2.79,0.0220069863681486,0.0845538774638485,0.0375925169824264,214.2441997528076,804.756156206131,"[0.3425591656638588, 0.3229041315683915, 0.21540312876052947, 0.11913357400722022]","[0.48, 0.32, 0.16, 0.04]","[0.25, 0.25, 0.25, 0.25]",2023-03-17 01:06:11
0.91,0.91,0.91,0.91,Breaking_Ties,AG_News,127600,XLMR-Base,33,50,4,2543,86777,38280,2.85,0.022800585845871,0.0865938127670957,0.0377650924313549,218.6509485244751,804.3917038440704,"[0.3452615021627998, 0.3228470310656705, 0.21431380259535981, 0.11757766417616988]","[0.44, 0.34, 0.18, 0.04]","[0.25, 0.25, 0.25, 0.25]",2023-03-17 01:29:41
0.91,0.91,0.91,0.91,Breaking_Ties,AG_News,127600,XLMR-Base,34,50,4,2593,86727,38280,2.9,0.0225694769295695,0.0854424831330215,0.0379895411250679,222.94280672073364,803.8194949626923,"[0.34516004627844193, 0.325106054762823, 0.2136521403779406, 0.11608175858079445]","[0.38, 0.32, 0.24, 0.06]","[0.25, 0.25, 0.25, 0.25]",2023-03-17 01:53:15
0.91,0.91,0.91,0.91,Breaking_Ties,AG_News,127600,XLMR-Base,35,50,4,2643,86677,38280,2.96,0.0240918789441135,0.0845329085674819,0.0377251188923248,227.2098336219788,803.4640266895294,"[0.3446840711312902, 0.3261445327279606, 0.21415058645478624, 0.11502080968596293]","[0.44, 0.36, 0.18, 0.02]","[0.25, 0.25, 0.25, 0.25]",2023-03-17 02:16:53
0.91,0.91,0.91,0.91,Breaking_Ties,AG_News,127600,XLMR-Base,36,50,4,2693,86627,38280,3.02,0.024682566968919,0.0833461624039989,0.0372664085148571,231.55499720573425,803.3167963027954,"[0.3449684366877089, 0.32825844782770147, 0.21351652432231713, 0.11325659116227256]","[0.48, 0.28, 0.14, 0.1]","[0.25, 0.25, 0.25, 0.25]",2023-03-17 02:40:35
0.91,0.91,0.91,0.91,Breaking_Ties,AG_News,127600,XLMR-Base,37,50,4,2743,86577,38280,3.07,0.0235666994505334,0.0856915868618657,0.037479676944261,235.8295238018036,802.9120993614197,"[0.3437841779074007, 0.33102442581115565, 0.2114473204520598, 0.11374407582938388]","[0.5, 0.42, 0.08]","[0.25, 0.25, 0.25, 0.25]",2023-03-17 03:04:21
0.91,0.91,0.91,0.92,Breaking_Ties,AG_News,127600,XLMR-Base,38,50,4,2793,86527,38280,3.13,0.0251425953746272,0.0851786822232318,0.0381414995509802,240.06377959251404,801.9637069702148,"[0.34658073755818114, 0.3326172574292875, 0.20909416398138203, 0.11170784103114931]","[0.4, 0.34, 0.18, 0.08]","[0.25, 0.25, 0.25, 0.25]",2023-03-17 03:28:11
0.91,0.91,0.91,0.92,Breaking_Ties,AG_News,127600,XLMR-Base,39,50,4,2843,86477,38280,3.18,0.0257083986784127,0.0858492187871802,0.036356573510601,244.42349076271057,801.9526286125183,"[0.3464650017587056, 0.33380232149138234, 0.20858248329229687, 0.11115019345761519]","[0.36, 0.3, 0.26, 0.08]","[0.25, 0.25, 0.25, 0.25]",2023-03-17 03:52:05
0.91,0.91,0.91,0.92,Breaking_Ties,AG_News,127600,XLMR-Base,40,50,4,2893,86427,38280,3.24,0.0256578592093695,0.0855336621766843,0.0386817507832602,248.766786813736,801.8788819313049,"[0.3466989284479779, 0.3332181126857933, 0.20947113722779123, 0.11061182163843761]","[0.38, 0.36, 0.22, 0.04]","[0.25, 0.25, 0.25, 0.25]",2023-03-17 04:16:03
0.92,0.92,0.92,0.92,Breaking_Ties,AG_News,127600,XLMR-Base,41,50,4,2943,86377,38280,3.29,0.025959363283136,0.0820170196148787,0.0379865501817022,253.10886192321777,801.0606021881104,"[0.34692490655793407, 0.33401291199456334, 0.20965001698946653, 0.10941216445803602]","[0.48, 0.24, 0.22, 0.06]","[0.25, 0.25, 0.25, 0.25]",2023-03-17 04:40:05
0.91,0.91,0.91,0.91,Breaking_Ties,AG_News,127600,XLMR-Base,42,50,4,2993,86327,38280,3.35,0.0274350300490105,0.085817881898628,0.0386581258450322,257.34613966941833,800.2902359962463,"[0.3448045439358503, 0.3364517206815904, 0.2101570330771801, 0.10858670230537922]","[0.48, 0.34, 0.16, 0.02]","[0.25, 0.25, 0.25, 0.25]",2023-03-17 05:04:11
0.92,0.92,0.92,0.92,Breaking_Ties,AG_News,127600,XLMR-Base,43,50,4,3043,86277,38280,3.41,0.0278802183055482,0.0842483556922132,0.0387091153628588,261.6461517810821,800.2509648799896,"[0.34472559973710154, 0.33881038448899115, 0.2093328951692409, 0.10713112060466645]","[0.34, 0.34, 0.24, 0.08]","[0.25, 0.25, 0.25, 0.25]",2023-03-17 05:28:20
0.92,0.92,0.92,0.92,Breaking_Ties,AG_News,127600,XLMR-Base,44,50,4,3093,86227,38280,3.46,0.0278495246569118,0.0861650812294452,0.0374766131853439,266.03982520103455,799.6904652118683,"[0.3446492078887811, 0.3388296152602651, 0.20982864532816037, 0.1066925315227934]","[0.34, 0.32, 0.3, 0.04]","[0.25, 0.25, 0.25, 0.25]",2023-03-17 05:52:33
0.91,0.91,0.91,0.91,Breaking_Ties,AG_News,127600,XLMR-Base,45,50,4,3143,86177,38280,3.52,0.028352570679005,0.0840939360492032,0.0386144978430608,270.35462379455566,799.1604380607605,"[0.3445752465797009, 0.33853006681514475, 0.2112631244034362, 0.1056315622017181]","[0.38, 0.36, 0.24, 0.02]","[0.25, 0.25, 0.25, 0.25]",2023-03-17 06:16:52
0.92,0.92,0.92,0.92,Breaking_Ties,AG_News,127600,XLMR-Base,46,50,4,3193,86127,38280,3.57,0.0286521603889013,0.0851365412605254,0.0386759639580617,274.5926101207733,798.6460292339325,"[0.3451299718133417, 0.33886626996554964, 0.21171312245537113, 0.10429063576573755]","[0.52, 0.34, 0.14]","[0.25, 0.25, 0.25, 0.25]",2023-03-17 06:41:13
0.91,0.91,0.91,0.91,Breaking_Ties,AG_News,127600,XLMR-Base,47,50,4,3243,86077,38280,3.63,0.0288274221059307,0.0831236176498282,0.0372343572361372,279.07069730758667,798.6858422756195,"[0.34782608695652173, 0.3388837496145544, 0.21060746222633364, 0.1026827012025902]","[0.5, 0.4, 0.08, 0.02]","[0.25, 0.25, 0.25, 0.25]",2023-03-17 07:05:38
0.92,0.92,0.92,0.92,Breaking_Ties,AG_News,127600,XLMR-Base,48,50,4,3293,86027,38280,3.69,0.0288240060720943,0.0847177585162895,0.0379318925300301,283.26948261260986,797.9372537136078,"[0.35013665350744, 0.3398117218341937, 0.20862435469177043, 0.1014272699665958]","[0.48, 0.26, 0.26]","[0.25, 0.25, 0.25, 0.25]",2023-03-17 07:30:08
0.9,0.9,0.9,0.9,Breaking_Ties,AG_News,127600,XLMR-Base,49,50,4,3343,85977,38280,3.74,0.0299872038378344,0.0844400938988073,0.0385954291878888,287.39530181884766,796.9593963623047,"[0.34878851331139693, 0.34190846545019443, 0.20939276099311996, 0.09991026024528867]","[0.58, 0.28, 0.12, 0.02]","[0.25, 0.25, 0.25, 0.25]",2023-03-17 07:54:41
0.92,0.92,0.92,0.92,Breaking_Ties,AG_News,127600,XLMR-Base,50,50,4,3393,85927,38280,3.8,0.0297244352534716,0.0840821047675741,0.0389534161632911,291.9060068130493,797.1614737510681,"[0.3477748305334512, 0.3454170350722075, 0.2080754494547598, 0.0987326849395815]","[0.36, 0.32, 0.26, 0.06]","[0.25, 0.25, 0.25, 0.25]",2023-03-17 08:19:18
0.92,0.92,0.92,0.92,Breaking_Ties,AG_News,127600,XLMR-Base,51,50,4,3443,85877,38280,3.85,0.0311083945931096,0.0860408986232269,0.0376258806882617,296.08283376693726,796.0137531757355,"[0.3473714783618937, 0.3456288120824862, 0.20882950914899798, 0.09817020040662214]","[0.5, 0.32, 0.14, 0.04]","[0.25, 0.25, 0.25, 0.25]",2023-03-17 08:43:58
0.92,0.92,0.92,0.92,Breaking_Ties,AG_News,127600,XLMR-Base,52,50,4,3493,85827,38280,3.91,0.0310597650680239,0.0836195261668325,0.0368273926993847,300.3574810028076,796.0054848194122,"[0.3495562553678786, 0.3452619524763813, 0.20784425994846836, 0.09733753220727169]","[0.38, 0.38, 0.22, 0.02]","[0.25, 0.25, 0.25, 0.25]",2023-03-17 09:08:42
0.91,0.91,0.91,0.91,Breaking_Ties,AG_News,127600,XLMR-Base,53,50,4,3543,85777,38280,3.97,0.0321175692385606,0.0848871038814929,0.0378035201261627,304.69059014320374,795.3241951465607,"[0.34998588766581995, 0.3457521874117979, 0.2080158058142817, 0.09624611910810048]","[0.46, 0.36, 0.14, 0.04]","[0.25, 0.25, 0.25, 0.25]",2023-03-17 09:33:30
0.92,0.92,0.92,0.92,Breaking_Ties,AG_News,127600,XLMR-Base,54,50,4,3593,85727,38280,4.02,0.0305595903704838,0.0845323774470873,0.0377781325060975,308.9313678741455,795.4649965763092,"[0.3501252435290843, 0.34734205399387696, 0.20706930141942667, 0.09546340105761203]","[0.36, 0.32, 0.2, 0.12]","[0.25, 0.25, 0.25, 0.25]",2023-03-17 09:58:22
0.92,0.92,0.92,0.92,Breaking_Ties,AG_News,127600,XLMR-Base,55,50,4,3643,85677,38280,4.08,0.0318119473077918,0.0839694975453317,0.0377816604030459,313.3731186389923,793.8934030532837,"[0.35026077408729067, 0.34696678561625033, 0.2069722755970354, 0.09580016469942355]","[0.4, 0.32, 0.22, 0.06]","[0.25, 0.25, 0.25, 0.25]",2023-03-17 10:23:24
0.92,0.92,0.92,0.92,Breaking_Ties,AG_News,127600,XLMR-Base,56,50,4,3693,85627,38280,4.13,0.0325808650634596,0.0838596594485943,0.037609766308679,317.6563010215759,793.5932009220123,"[0.34985106959111834, 0.3476848090982941, 0.20714865962632006, 0.09531546168426754]","[0.38, 0.34, 0.18, 0.1]","[0.25, 0.25, 0.25, 0.25]",2023-03-17 10:48:23
0.92,0.92,0.92,0.92,Breaking_Ties,AG_News,127600,XLMR-Base,57,50,4,3743,85577,38280,4.19,0.0334741996605599,0.086150835530888,0.0377994155868859,321.9182801246643,793.4531891345978,"[0.34971947635586426, 0.34811648410366014, 0.20678600053433074, 0.0953780390061448]","[0.48, 0.3, 0.2, 0.02]","[0.25, 0.25, 0.25, 0.25]",2023-03-17 11:13:26
0.92,0.92,0.92,0.92,Breaking_Ties,AG_News,127600,XLMR-Base,58,50,4,3793,85527,38280,4.25,0.0337527667206422,0.0827508703708693,0.0380685342746754,326.3099458217621,793.691469669342,"[0.3498549960453467, 0.34906406538360135, 0.2066965462694437, 0.09438439230160822]","[0.46, 0.3, 0.16, 0.08]","[0.25, 0.25, 0.25, 0.25]",2023-03-17 11:38:33
0.92,0.92,0.92,0.92,Breaking_Ties,AG_News,127600,XLMR-Base,59,50,4,3843,85477,38280,4.3,0.0345088991965337,0.085166241415826,0.0381279269756272,330.54570412635803,792.2595081329346,"[0.3505074160811866, 0.3492063492063492, 0.20608899297423888, 0.09419724173822534]","[0.46, 0.38, 0.12, 0.04]","[0.25, 0.25, 0.25, 0.25]",2023-03-17 12:03:45
0.92,0.92,0.92,0.92,Breaking_Ties,AG_News,127600,XLMR-Base,60,50,4,3893,85427,38280,4.36,0.0336566333753528,0.0841066125426634,0.037453955142182,334.9759850502014,791.7419488430023,"[0.35191369124068844, 0.34960184947341383, 0.20498330336501414, 0.09350115592088364]","[0.4, 0.36, 0.2, 0.04]","[0.25, 0.25, 0.25, 0.25]",2023-03-17 12:28:59
0.92,0.92,0.92,0.92,Breaking_Ties,AG_News,127600,XLMR-Base,61,50,4,3943,85377,38280,4.41,0.0350007102281453,0.0833065224311462,0.0372095033173789,339.3806228637696,791.2591409683228,"[0.35201623129596754, 0.3502409332995181, 0.20492011159015977, 0.09282272381435455]","[0.42, 0.38, 0.14, 0.06]","[0.25, 0.25, 0.25, 0.25]",2023-03-17 12:54:17
0.92,0.92,0.92,0.92,Breaking_Ties,AG_News,127600,XLMR-Base,62,50,4,3993,85327,38280,4.47,0.0348717813479185,0.0830569803412094,0.0384729096983292,343.5125334262848,790.9500699043274,"[0.35236664162284, 0.35111445028800403, 0.20410718757826196, 0.09241172051089407]","[0.38, 0.38, 0.18, 0.06]","[0.25, 0.25, 0.25, 0.25]",2023-03-17 13:19:39
0.92,0.92,0.92,0.92,Breaking_Ties,AG_News,127600,XLMR-Base,63,50,4,4043,85277,38280,4.53,0.0370689022454148,0.083745078953133,0.0378492486401581,347.71182799339294,790.2988035678864,"[0.3527083848627257, 0.351471679445956, 0.20380905268365077, 0.09201088300766758]","[0.38, 0.36, 0.18, 0.08]","[0.25, 0.25, 0.25, 0.25]",2023-03-17 13:45:05
0.92,0.92,0.92,0.92,Breaking_Ties,AG_News,127600,XLMR-Base,64,50,4,4093,85227,38280,4.58,0.036506094502797,0.085479588162146,0.0379732627835421,351.7717635631561,790.106683254242,"[0.3530417786464696, 0.35157586122648427, 0.20351820180796482, 0.09186415831908136]","[0.48, 0.3, 0.18, 0.04]","[0.25, 0.25, 0.25, 0.25]",2023-03-17 14:10:35
0.92,0.92,0.92,0.92,Breaking_Ties,AG_News,127600,XLMR-Base,65,50,4,4143,85177,38280,4.64,0.0369239716126765,0.0843908574832847,0.0373557414146589,356.4288330078125,789.4137728214264,"[0.353125754284335, 0.352401641322713, 0.20323437122857832, 0.09123823316437364]","[0.34, 0.34, 0.16, 0.16]","[0.25, 0.25, 0.25, 0.25]",2023-03-17 14:36:13
0.92,0.92,0.92,0.92,Breaking_Ties,AG_News,127600,XLMR-Base,66,50,4,4193,85127,38280,4.69,0.0382887292514697,0.0838102115481101,0.0380490259667723,360.7970333099365,789.7926599979401,"[0.35296923443834965, 0.35225375626043404, 0.20271881707607917, 0.09205819222513713]","[0.44, 0.34, 0.2, 0.02]","[0.25, 0.25, 0.25, 0.25]",2023-03-17 15:01:50
0.92,0.92,0.92,0.92,Breaking_Ties,AG_News,127600,XLMR-Base,67,50,4,4243,85077,38280,4.75,0.0378286661438529,0.0835694940380227,0.0383280409023203,364.940614938736,788.4856994152069,"[0.3539948149893943, 0.3521093565873203, 0.20268677822295544, 0.09120905020032996]","[0.46, 0.28, 0.16, 0.1]","[0.25, 0.25, 0.25, 0.25]",2023-03-17 15:27:33
0.92,0.92,0.92,0.92,Breaking_Ties,AG_News,127600,XLMR-Base,68,50,4,4293,85027,38280,4.81,0.0387239186111387,0.0854599685388535,0.0380902516156337,369.3532981872559,788.2738020420074,"[0.35336594456091314, 0.35313300722105756, 0.20218961099464244, 0.09131143722338692]","[0.34, 0.34, 0.3, 0.02]","[0.25, 0.25, 0.25, 0.25]",2023-03-17 15:53:18
0.92,0.92,0.92,0.92,Breaking_Ties,AG_News,127600,XLMR-Base,69,50,4,4343,84977,38280,4.86,0.0384935552959627,0.0843607005170702,0.0367338228290326,373.6671948432922,788.3410868644714,"[0.35321206539258576, 0.3529818098088879, 0.20331568040524983, 0.09049044439327654]","[0.54, 0.3, 0.12, 0.04]","[0.25, 0.25, 0.25, 0.25]",2023-03-17 16:19:08
0.91,0.91,0.91,0.91,Breaking_Ties,AG_News,127600,XLMR-Base,70,50,4,4393,84927,38280,4.92,0.0403574725629306,0.085075405525903,0.0380638621928424,378.06244683265686,787.6038706302643,"[0.35533803778738904, 0.35237878442977466, 0.20236740268609152, 0.08991577509674482]","[0.48, 0.36, 0.08, 0.08]","[0.25, 0.25, 0.25, 0.25]",2023-03-17 16:45:01
0.92,0.92,0.92,0.92,Breaking_Ties,AG_News,127600,XLMR-Base,71,50,4,4443,84877,38280,4.97,0.0404927347217811,0.0821482174849802,0.0367798889778276,382.2493872642517,786.8234100341797,"[0.35539050191312177, 0.3538149898717083, 0.20099032185460275, 0.08980418636056718]","[0.4, 0.34, 0.2, 0.06]","[0.25, 0.25, 0.25, 0.25]",2023-03-17 17:10:58
0.92,0.92,0.92,0.92,Breaking_Ties,AG_News,127600,XLMR-Base,72,50,4,4493,84827,38280,5.03,0.0392743709731306,0.084323321810578,0.038254395603571,386.60819244384766,786.3854575157166,"[0.3552192299131983, 0.3543289561540174, 0.20097930113509904, 0.08947251279768528]","[0.38, 0.34, 0.28]","[0.25, 0.25, 0.25, 0.25]",2023-03-17 17:36:59
0.92,0.92,0.92,0.92,Breaking_Ties,AG_News,127600,XLMR-Base,73,50,4,4543,84777,38280,5.09,0.0418924347956006,0.0825679791387637,0.0373147570219698,390.9054088592529,785.6195864677429,"[0.35505172793308387, 0.35461149020471056, 0.20184899845916796, 0.08848778340303765]","[0.44, 0.36, 0.16, 0.04]","[0.25, 0.25, 0.25, 0.25]",2023-03-17 18:03:04
0.92,0.92,0.92,0.92,Breaking_Ties,AG_News,127600,XLMR-Base,74,50,4,4593,84727,38280,5.14,0.0414204528146926,0.0848399280358563,0.0381063952054569,395.34733986854553,785.3762295246124,"[0.3555410407141302, 0.3551055954713695, 0.2013934247768343, 0.08795993903766601]","[0.44, 0.3, 0.2, 0.06]","[0.25, 0.25, 0.25, 0.25]",2023-03-17 18:29:13
0.92,0.92,0.92,0.92,Breaking_Ties,AG_News,127600,XLMR-Base,75,50,4,4643,84677,38280,5.2,0.0413848622574299,0.0844417992958371,0.0382855320697448,399.6287369728088,785.1652648448944,"[0.35601981477493, 0.35494292483308204, 0.20137841912556537, 0.08765884126642257]","[0.46, 0.32, 0.18, 0.04]","[0.25, 0.25, 0.25, 0.25]",2023-03-17 18:55:25
0.92,0.92,0.92,0.92,Breaking_Ties,AG_News,127600,XLMR-Base,76,50,4,4693,84627,38280,5.25,0.0393795925037953,0.083361119057602,0.0389608190532556,403.9506695270538,784.6853611469269,"[0.3560622203281483, 0.3556360536969955, 0.20115064990411252, 0.08715107607074365]","[0.48, 0.32, 0.16, 0.04]","[0.25, 0.25, 0.25, 0.25]",2023-03-17 19:21:42
0.92,0.92,0.92,0.92,Breaking_Ties,AG_News,127600,XLMR-Base,77,50,4,4743,84577,38280,5.31,0.0430495244980922,0.0841806562740564,0.0381007153077217,408.1895773410797,783.9780507087708,"[0.35694707990723173, 0.3556820577693443, 0.2007168458781362, 0.0866540164452878]","[0.44, 0.42, 0.12, 0.02]","[0.25, 0.25, 0.25, 0.25]",2023-03-17 19:48:03
0.92,0.92,0.92,0.92,Breaking_Ties,AG_News,127600,XLMR-Base,78,50,4,4793,84527,38280,5.37,0.0431758289184733,0.0833611721520753,0.0382570957984594,412.3102116584778,783.4135167598724,"[0.35760484039223867, 0.35656165240976423, 0.19987481744210306, 0.08595868975589402]","[0.44, 0.34, 0.14, 0.08]","[0.25, 0.25, 0.25, 0.25]",2023-03-17 20:14:26
0.92,0.92,0.92,0.92,Breaking_Ties,AG_News,127600,XLMR-Base,79,50,4,4843,84477,38280,5.42,0.0425730643449246,0.0833807097770751,0.0381106973181988,416.7257771492005,782.9779531955719,"[0.3584555027875284, 0.35639066694197813, 0.19863720834193682, 0.08651662192855668]","[0.5, 0.26, 0.18, 0.06]","[0.25, 0.25, 0.25, 0.25]",2023-03-17 20:40:53
0.92,0.92,0.92,0.92,Breaking_Ties,AG_News,127600,XLMR-Base,80,50,4,4893,84427,38280,5.48,0.0438692242167847,0.0839449216168821,0.0383797805355965,420.87784910202026,782.9263741970062,"[0.3578581647251175, 0.35744941753525444, 0.19844676067852032, 0.0862456570611077]","[0.44, 0.38, 0.12, 0.06]","[0.25, 0.25, 0.25, 0.25]",2023-03-17 21:07:25
0.92,0.92,0.92,0.92,Breaking_Ties,AG_News,127600,XLMR-Base,81,50,4,4943,84377,38280,5.53,0.0448183930177721,0.0844329765669048,0.0386572495289405,425.3577799797058,782.3464884757996,"[0.3582844426461663, 0.35808213635444064, 0.1976532470159822, 0.08598017398341089]","[0.42, 0.32, 0.18, 0.08]","[0.25, 0.25, 0.25, 0.25]",2023-03-17 21:34:00
0.92,0.92,0.92,0.92,Breaking_Ties,AG_News,127600,XLMR-Base,82,50,4,4993,84327,38280,5.59,0.0445688376058198,0.0840363372683612,0.0384526750416364,429.5998182296753,781.7758183479309,"[0.35890246344882837, 0.35770078109353093, 0.19747646705387542, 0.08592028840376527]","[0.4, 0.38, 0.14, 0.08]","[0.25, 0.25, 0.25, 0.25]",2023-03-17 22:00:40
0.1,0.25,0.25,0.06,Breaking_Ties,AG_News,127600,XLMR-Base,83,50,4,5043,84277,38280,5.65,0.0452203008162805,0.0822354349500865,0.0377977545466919,433.5028162002564,780.6524047851562,"[0.35911163989688677, 0.3581201665675193, 0.19690660321237358, 0.0858615903232203]","[0.98, 0.02]","[0.25, 0.25, 0.25, 0.25]",2023-03-17 22:27:23
0.92,0.92,0.92,0.92,Breaking_Ties,AG_News,127600,XLMR-Base,84,50,4,5093,84227,38280,5.7,0.0451474543827523,0.0828505478534332,0.0367787625398224,438.4292359352112,781.3312540054321,"[0.3555860985666601, 0.3546043589240134, 0.19516984095817788, 0.09463970155114863]","[0.4, 0.36, 0.16, 0.08]","[0.25, 0.25, 0.25, 0.25]",2023-03-17 22:54:08
0.9,0.9,0.9,0.91,Breaking_Ties,AG_News,127600,XLMR-Base,85,50,4,5143,84177,38280,5.76,0.0454101705498533,0.08399215014533,0.038012016979972,442.7131404876709,781.9009211063385,"[0.3556290103052693, 0.3550456931751896, 0.19482792144662647, 0.09449737507291464]","[0.54, 0.32, 0.12, 0.02]","[0.25, 0.25, 0.25, 0.25]",2023-03-17 23:21:00
0.92,0.92,0.92,0.92,Breaking_Ties,AG_News,127600,XLMR-Base,86,50,4,5193,84127,38280,5.81,0.0452655606841264,0.0826282325817136,0.0384258657833985,447.1395370960236,780.7840299606323,"[0.3568264972077797, 0.35528596187175043, 0.19410745233968804, 0.09378008858078182]","[0.36, 0.3, 0.2, 0.14]","[0.25, 0.25, 0.25, 0.25]",2023-03-17 23:47:56
0.91,0.91,0.91,0.91,Breaking_Ties,AG_News,127600,XLMR-Base,87,50,4,5243,84077,38280,5.87,0.046743585505661,0.0834725414372504,0.0379403057115695,451.16534948349,779.5897881984711,"[0.35685676139614725, 0.35475872592027463, 0.19416364676711806, 0.09422086591646005]","[0.4, 0.36, 0.16, 0.08]","[0.25, 0.25, 0.25, 0.25]",2023-03-18 00:14:56
0.92,0.92,0.92,0.92,Breaking_Ties,AG_News,127600,XLMR-Base,88,50,4,5293,84027,38280,5.93,0.0467092642531503,0.0830288826892493,0.0361157004152366,455.64078974723816,779.1908507347107,"[0.3568864538069148, 0.35518609484224445, 0.1938409219724164, 0.09408652937842434]","[0.48, 0.38, 0.1, 0.04]","[0.25, 0.25, 0.25, 0.25]",2023-03-18 00:41:58
