F1,Accuracy,Recall,Precision,Query,Data,Model,Round,Trainset_absolute,Query_absolute,Test_absolute,Percent,Train_energy,Query_energy,Test_energy,Train_duration,Query_duration,Train_distribution,Query_distribution,Test_distribution,Datetime,Dataset_size
0.52,0.66,0.66,0.43,Random_Sampling,Claimbuster,XLMR-Base,0,165,16308,7060,1.0,0.0010401584256456,7.290080750513834e-08,0.0070182188314881,14.061802864074709,0.0045156478881835,"[0.6424242424242425, 0.2606060606060606, 0.09696969696969697]","[0.58, 0.28, 0.14]","[0.6550991501416431, 0.24008498583569404, 0.1048158640226629]",2023-03-08 12:02:56,23533
0.52,0.66,0.66,0.43,Random_Sampling,Claimbuster,XLMR-Base,1,215,16258,7060,1.31,0.0020458195340426,1.2300389643341877e-07,0.0070854031135737,18.34783911705017,0.0070564746856689,"[0.627906976744186, 0.2651162790697674, 0.10697674418604651]","[0.64, 0.22, 0.14]","[0.6550991501416431, 0.24008498583569404, 0.1048158640226629]",2023-03-08 12:04:39,23533
0.52,0.66,0.66,0.43,Random_Sampling,Claimbuster,XLMR-Base,2,265,16208,7060,1.61,0.0019093242673723,7.538632319603527e-08,0.0069278910619503,22.661144495010376,0.0045664310455322,"[0.630188679245283, 0.25660377358490566, 0.11320754716981132]","[0.58, 0.32, 0.1]","[0.6550991501416431, 0.24008498583569404, 0.1048158640226629]",2023-03-08 12:06:25,23533
0.52,0.66,0.66,0.43,Random_Sampling,Claimbuster,XLMR-Base,3,315,16158,7060,1.91,0.0026304237059511,7.842522466041922e-08,0.0069764604302349,26.881789445877075,0.0045633316040039,"[0.6222222222222222, 0.26666666666666666, 0.1111111111111111]","[0.66, 0.18, 0.16]","[0.6550991501416431, 0.24008498583569404, 0.1048158640226629]",2023-03-08 12:08:17,23533
0.52,0.66,0.66,0.43,Random_Sampling,Claimbuster,XLMR-Base,4,365,16108,7060,2.22,0.0033240377271472,7.41096898670606e-08,0.0070179966588675,31.15060925483704,0.0046021938323974,"[0.6273972602739726, 0.2547945205479452, 0.1178082191780822]","[0.6, 0.26, 0.14]","[0.6550991501416431, 0.24008498583569404, 0.1048158640226629]",2023-03-08 12:10:12,23533
0.57,0.68,0.68,0.65,Random_Sampling,Claimbuster,XLMR-Base,5,415,16058,7060,2.52,0.0036452888460047,1.766648653671611e-07,0.007083559613549,35.3621609210968,0.0114843845367431,"[0.6240963855421687, 0.25542168674698795, 0.12048192771084337]","[0.68, 0.18, 0.14]","[0.6550991501416431, 0.24008498583569404, 0.1048158640226629]",2023-03-08 12:12:12,23533
0.52,0.66,0.66,0.43,Random_Sampling,Claimbuster,XLMR-Base,6,465,16008,7060,2.82,0.0038350986468882,1.3479112479131158e-07,0.007013043104447,39.71404457092285,0.007422924041748,"[0.6301075268817204, 0.24731182795698925, 0.12258064516129032]","[0.66, 0.26, 0.08]","[0.6550991501416431, 0.24008498583569404, 0.1048158640226629]",2023-03-08 12:14:15,23533
0.67,0.73,0.73,0.65,Random_Sampling,Claimbuster,XLMR-Base,7,515,15958,7060,3.13,0.0038504994117707,7.536906853653805e-08,0.0069810424666572,44.006709814071655,0.0048530101776123,"[0.6330097087378641, 0.24854368932038834, 0.11844660194174757]","[0.54, 0.34, 0.12]","[0.6550991501416431, 0.24008498583569404, 0.1048158640226629]",2023-03-08 12:16:24,23533
0.69,0.74,0.74,0.66,Random_Sampling,Claimbuster,XLMR-Base,8,565,15908,7060,3.43,0.0051253211971457,7.764281820528815e-08,0.0071076315656818,48.27597498893738,0.004951000213623,"[0.6247787610619469, 0.25663716814159293, 0.11858407079646018]","[0.66, 0.2, 0.14]","[0.6550991501416431, 0.24008498583569404, 0.1048158640226629]",2023-03-08 12:18:36,23533
0.72,0.76,0.76,0.68,Random_Sampling,Claimbuster,XLMR-Base,9,615,15858,7060,3.73,0.0048976383559214,1.212372841585423e-07,0.0070871118582635,52.58263158798218,0.0063247680664062,"[0.6276422764227643, 0.25203252032520324, 0.12032520325203253]","[0.56, 0.36, 0.08]","[0.6550991501416431, 0.24008498583569404, 0.1048158640226629]",2023-03-08 12:20:53,23533
0.64,0.66,0.66,0.65,Random_Sampling,Claimbuster,XLMR-Base,10,665,15808,7060,4.04,0.0053755363640916,9.109251549982184e-08,0.0072191984279154,56.77899360656738,0.0049028396606445,"[0.6225563909774436, 0.26015037593984963, 0.11729323308270677]","[0.78, 0.14, 0.08]","[0.6550991501416431, 0.24008498583569404, 0.1048158640226629]",2023-03-08 12:23:14,23533
0.73,0.77,0.77,0.7,Random_Sampling,Claimbuster,XLMR-Base,11,715,15758,7060,4.34,0.006517525364342,7.715778292207698e-08,0.0070790057127728,61.09998345375061,0.0049114227294921,"[0.6335664335664336, 0.2517482517482518, 0.11468531468531469]","[0.76, 0.12, 0.12]","[0.6550991501416431, 0.24008498583569404, 0.1048158640226629]",2023-03-08 12:25:40,23533
0.72,0.76,0.76,0.68,Random_Sampling,Claimbuster,XLMR-Base,12,765,15708,7060,4.64,0.0070355253405021,7.534465754673878e-08,0.0069556363566168,65.34871029853821,0.0048792362213134,"[0.6418300653594772, 0.24313725490196078, 0.11503267973856209]","[0.64, 0.28, 0.08]","[0.6550991501416431, 0.24008498583569404, 0.1048158640226629]",2023-03-08 12:28:09,23533
0.72,0.75,0.75,0.69,Random_Sampling,Claimbuster,XLMR-Base,13,815,15658,7060,4.95,0.0066667382479263,7.711582316179076e-08,0.0071999082924777,69.6639335155487,0.0050544738769531,"[0.6417177914110429, 0.24539877300613497, 0.11288343558282209]","[0.72, 0.18, 0.1]","[0.6550991501416431, 0.24008498583569404, 0.1048158640226629]",2023-03-08 12:30:43,23533
0.72,0.76,0.76,0.69,Random_Sampling,Claimbuster,XLMR-Base,14,865,15608,7060,5.25,0.0070806911338584,8.874753219064287e-08,0.0069600079038729,73.94491767883301,0.0047187805175781,"[0.6462427745664739, 0.24161849710982658, 0.11213872832369942]","[0.62, 0.22, 0.16]","[0.6550991501416431, 0.24008498583569404, 0.1048158640226629]",2023-03-08 12:33:21,23533
0.73,0.76,0.76,0.7,Random_Sampling,Claimbuster,XLMR-Base,15,915,15558,7060,5.55,0.0081356736792319,1.776059487434878e-07,0.0069607235777303,78.19257879257202,0.0112981796264648,"[0.644808743169399, 0.24043715846994534, 0.11475409836065574]","[0.62, 0.36, 0.02]","[0.6550991501416431, 0.24008498583569404, 0.1048158640226629]",2023-03-08 12:36:04,23533
0.71,0.76,0.76,0.68,Random_Sampling,Claimbuster,XLMR-Base,16,965,15508,7060,5.86,0.0081762066406934,9.227360043755069e-08,0.0069416829308999,82.4743115901947,0.0051751136779785,"[0.6435233160621762, 0.24663212435233162, 0.10984455958549223]","[0.7, 0.2, 0.1]","[0.6550991501416431, 0.24008498583569404, 0.1048158640226629]",2023-03-08 12:38:51,23533
0.74,0.77,0.77,0.75,Random_Sampling,Claimbuster,XLMR-Base,17,1015,15458,7060,6.16,0.0083199415003048,9.071134071302629e-08,0.0072433890908985,86.6714551448822,0.0048842430114746,"[0.6463054187192119, 0.24433497536945814, 0.10935960591133005]","[0.62, 0.26, 0.12]","[0.6550991501416431, 0.24008498583569404, 0.1048158640226629]",2023-03-08 12:41:42,23533
0.72,0.77,0.77,0.68,Random_Sampling,Claimbuster,XLMR-Base,18,1065,15408,7060,6.47,0.0099182578615965,7.565134155719488e-08,0.0070016097389343,91.04194927215576,0.0048410892486572,"[0.6450704225352113, 0.24507042253521127, 0.10985915492957747]","[0.66, 0.2, 0.14]","[0.6550991501416431, 0.24008498583569404, 0.1048158640226629]",2023-03-08 12:44:37,23533
0.72,0.76,0.76,0.7,Random_Sampling,Claimbuster,XLMR-Base,19,1115,15358,7060,6.77,0.010566618922328,1.496121369654181e-07,0.0070425192916079,95.3240430355072,0.0092144012451171,"[0.6457399103139013, 0.2430493273542601, 0.11121076233183856]","[0.64, 0.24, 0.12]","[0.6550991501416431, 0.24008498583569404, 0.1048158640226629]",2023-03-08 12:47:37,23533
0.74,0.77,0.77,0.78,Random_Sampling,Claimbuster,XLMR-Base,20,1165,15308,7060,7.07,0.010344213340994,8.960908400038748e-08,0.0068235521153647,99.56547904014587,0.0057275295257568,"[0.6454935622317597, 0.2429184549356223, 0.11158798283261803]","[0.58, 0.24, 0.18]","[0.6550991501416431, 0.24008498583569404, 0.1048158640226629]",2023-03-08 12:50:40,23533
0.69,0.74,0.74,0.65,Random_Sampling,Claimbuster,XLMR-Base,21,1215,15258,7060,7.38,0.0099396862067185,7.608548693983214e-08,0.0070646480966785,103.74336004257202,0.004897117614746,"[0.642798353909465, 0.24279835390946503, 0.11440329218106995]","[0.68, 0.26, 0.06]","[0.6550991501416431, 0.24008498583569404, 0.1048158640226629]",2023-03-08 12:53:49,23533
0.75,0.78,0.78,0.77,Random_Sampling,Claimbuster,XLMR-Base,22,1265,15208,7060,7.68,0.0107485485469232,9.21129652026246e-08,0.0068736906111224,108.15375065803528,0.0049219131469726,"[0.6442687747035574, 0.24347826086956523, 0.11225296442687747]","[0.66, 0.26, 0.08]","[0.6550991501416431, 0.24008498583569404, 0.1048158640226629]",2023-03-08 12:57:01,23533
0.75,0.79,0.79,0.82,Random_Sampling,Claimbuster,XLMR-Base,23,1315,15158,7060,7.98,0.0113080956715997,8.814295009903337e-08,0.0071470541801561,112.42510771751404,0.0046370029449462,"[0.6448669201520912, 0.244106463878327, 0.11102661596958174]","[0.62, 0.26, 0.12]","[0.6550991501416431, 0.24008498583569404, 0.1048158640226629]",2023-03-08 13:00:18,23533
0.78,0.79,0.79,0.79,Random_Sampling,Claimbuster,XLMR-Base,24,1365,15108,7060,8.29,0.0117746698329,1.488198187943701e-07,0.0064968182232603,116.69639492034912,0.0090422630310058,"[0.643956043956044, 0.24468864468864468, 0.11135531135531136]","[0.48, 0.32, 0.2]","[0.6550991501416431, 0.24008498583569404, 0.1048158640226629]",2023-03-08 13:03:39,23533
0.8,0.81,0.81,0.8,Random_Sampling,Claimbuster,XLMR-Base,25,1415,15058,7060,8.59,0.0129666180568339,9.10811103835676e-08,0.006290718740389,120.957759141922,0.0048911571502685,"[0.6381625441696113, 0.24734982332155478, 0.11448763250883393]","[0.74, 0.2, 0.06]","[0.6550991501416431, 0.24008498583569404, 0.1048158640226629]",2023-03-08 13:07:04,23533
0.74,0.78,0.78,0.71,Random_Sampling,Claimbuster,XLMR-Base,26,1465,15008,7060,8.89,0.01345230102757,1.2151055333115566e-07,0.0069791220827182,125.2349889278412,0.0075619220733642,"[0.6416382252559727, 0.24573378839590443, 0.11262798634812286]","[0.68, 0.18, 0.14]","[0.6550991501416431, 0.24008498583569404, 0.1048158640226629]",2023-03-08 13:10:34,23533
0.77,0.79,0.79,0.79,Random_Sampling,Claimbuster,XLMR-Base,27,1515,14958,7060,9.2,0.0127363878349676,8.876517804370589e-08,0.0064908822436665,129.49317121505737,0.0046284198760986,"[0.642904290429043, 0.24356435643564356, 0.11353135313531353]","[0.66, 0.2, 0.14]","[0.6550991501416431, 0.24008498583569404, 0.1048158640226629]",2023-03-08 13:14:08,23533
0.71,0.75,0.75,0.67,Random_Sampling,Claimbuster,XLMR-Base,28,1565,14908,7060,9.5,0.0130055979497214,1.7752347312665317e-07,0.0069716387036386,133.76905012130737,0.0112090110778808,"[0.6434504792332268, 0.2402555910543131, 0.11629392971246007]","[0.6, 0.3, 0.1]","[0.6550991501416431, 0.24008498583569404, 0.1048158640226629]",2023-03-08 13:17:46,23533
0.77,0.79,0.79,0.79,Random_Sampling,Claimbuster,XLMR-Base,29,1615,14858,7060,9.8,0.0141241220462277,7.455885794451586e-08,0.0065826839849255,138.16409254074097,0.004624605178833,"[0.6421052631578947, 0.24210526315789474, 0.11578947368421053]","[0.64, 0.28, 0.08]","[0.6550991501416431, 0.24008498583569404, 0.1048158640226629]",2023-03-08 13:21:28,23533
0.76,0.79,0.79,0.8,Random_Sampling,Claimbuster,XLMR-Base,30,1665,14808,7060,10.11,0.0147035706503581,8.940279913484802e-08,0.0064062517524091,142.50777530670166,0.0045845508575439,"[0.6420420420420421, 0.24324324324324326, 0.11471471471471471]","[0.6, 0.26, 0.14]","[0.6550991501416431, 0.24008498583569404, 0.1048158640226629]",2023-03-08 13:25:15,23533
0.81,0.81,0.81,0.81,Random_Sampling,Claimbuster,XLMR-Base,31,1715,14758,7060,10.41,0.0147150936185416,7.428130447132225e-08,0.0063865702267843,146.815274477005,0.0046172142028808,"[0.6408163265306123, 0.2402332361516035, 0.11895043731778426]","[0.58, 0.26, 0.16]","[0.6550991501416431, 0.24008498583569404, 0.1048158640226629]",2023-03-08 13:29:06,23533
0.77,0.78,0.78,0.79,Random_Sampling,Claimbuster,XLMR-Base,32,1765,14708,7060,10.71,0.01499542438385,1.0720034418050453e-07,0.0066305551945199,151.15037631988525,0.0065565109252929,"[0.6390934844192635, 0.24079320113314448, 0.12011331444759207]","[0.6, 0.28, 0.12]","[0.6550991501416431, 0.24008498583569404, 0.1048158640226629]",2023-03-08 13:33:01,23533
